九五制作/中国复古商人    	3       335     321    天堂复古商人	        0	31	0	0	0	0	0
九五制作/二级密码    	xinqu       51     51    二级密码	        0	31	0	0	0	0	0
九五制作/镇妖塔/镇妖使者 ZYT1   29     15     镇妖使者	        0	15	0	0	0	0	0
九五制作/镇妖塔/镇妖使者 ZYT2   29     15     镇妖使者	        0	15	0	0	0	0	0
九五制作/镇妖塔/镇妖使者 ZYT3   29     15     镇妖使者	        0	15	0	0	0	0	0
九五制作/镇妖塔/镇妖使者 ZYT4   29     15     镇妖使者	        0	15	0	0	0	0	0
九五制作/镇妖塔/镇妖使者 ZYT5   29     15     镇妖使者	        0	15	0	0	0	0	0
九五制作/镇妖塔/镇妖使者 ZYT6   29     15     镇妖使者	        0	15	0	0	0	0	0
九五制作/镇妖塔/镇妖使者 ZYT7   29     15     镇妖使者	        0	15	0	0	0	0	0
九五制作/镇妖塔/镇妖使者 ZYT8   29     15     镇妖使者	        0	15	0	0	0	0	0
九五制作/镇妖塔/镇妖使者 ZYT9   29     15     镇妖使者	        0	15	0	0	0	0	0
九五制作/镇妖塔/镇妖使者 ZYT10   29     15     镇妖使者	        0	15	0	0	0	0	0
九五制作/镇妖塔/镇妖使者 ZYT11   29     15     镇妖使者	        0	15	0	0	0	0	0
九五制作/活动大使	3	332	340	活动大使	0	78	0	0	0	0	0
九五制作/欧阳镖头	YB01	78	79	欧阳镖头\任务	3	31	0	0	0	0	0
九五制作/镖务总管	YB02	15	22	镖务总管\任务	0	8	0	0	0	0	0


九五制作/玩家福利    3    339     340     玩家福利	0       12      0
【盟重省】/综合服务生	3	336	340	综合服务生	0	8	0
九五制作/迷踪雾林       3       327     340     迷踪雾林      0	  16	0	0	0	0		
九五制作/沉船墓场       3       324     340     沉船墓场      0	  16	0	0	0	0
九五制作/镇妖塔    	3       320     340    镇妖塔[特色]	0	118	0	0	0	0	0

【老　兵】/神罚之力    	3       320     333    神罚之力	        0	31	0	0	0	0	0
【老　兵】/神力护身    	3       320     329    神力护身  	0	31	0	0	0	0	0
【老　兵】/盟重老兵	3       323	325    土城老兵   	0	1	0	0	0
【老　兵】/装备回收    	3       329     325    装备回收 	0	20	0	0	0	0	0
【老　兵】/金刚石使者   3       326     325    金刚石使者	0	78	0	0	0	0	0

legm2.cc/摆摊市场	3	316	323	摆摊市场	0	12	0	0	0	0	0
legm2.cc/行会争霸 D5071B 20 22 行会争霸  0	94	0	0	0	0	0
个人争霸活动领奖	zlg101	24	26	武林大会活动领奖	0	31	0	0	0	0	0
仓库NPC/比奇城_仓库	0	301	257	比奇保管员	0	6	0	0	0
仓库NPC/比奇城_仓库	0125	8	6	麦家铺子	0	9	0	0	0
仓库NPC/比奇城_商人	0126	10	10	比奇商人	0	9	0	0	0
仓库NPC/银杏新人村_仓库	0	621	642	廖家店老板	0	6	0	0	0
仓库NPC/比奇新人村_仓库	0140	8	9	新人村保管员	0	9	0	0	0
仓库NPC/盟重土城_仓库	3	305	373	悦来客栈老板	0	6	0	0	0
仓库NPC/盟重土城_仓库	0145	9	12	仓库保管员	0	9	0	0	0
仓库NPC/盟重土城_商人	0146	4	11	商人	0	9	0	0	0
仓库NPC/沙巴克_仓库	0152	7	12	沙巴克仓库	0	6	1	0	0
仓库NPC/沙巴克_商人	0152	4	15	沙巴克商人	0	9	1	0	0
仓库NPC/白日门_仓库	11	184	297	白日门保管员	0	10	0	0	0
仓库NPC/封魔谷_仓库	b347	9	10	恶魔保管员	0	10	0	0	0
仓库NPC/苍月岛_仓库	5	126	331	苍月岛保管员	0	3	0	0	0
仓库NPC/仓库管理员	H003	80	87	幻境仓库管理员	0	9	0	0	0
仓库NPC/仓库管理员	H007	160	180	仓库管理员	0	9	0	0	0
仓库NPC/仓库管理员	danbao	13	13	服务员	0	12	0
【比奇城】/比奇城_书店	0	325	250	比奇城书店老板	0	2	0	0	0
【比奇城】/比奇城_书店	0104	5	8	陈家铺子老板	0	2	0	0	0
【银杏村】/新人接待员	0	649	625	新人接待员	0	13	0	0	0
【银杏村】/新人接待员	0	292	616	新人接待员	0	13	0	0	0
【毒蛇村】/毒蛇山谷_罗家铺子     2     505 479 罗家铺子老板    0   3   0
【盟重省】/攻沙奖励大使  0150 17 17 攻沙奖励大使  0  20 0 0 0 
【盟重省】/盟重红名村_商店	3	855	661	红名村老人	0	3	0	0	0
【盟重省】/盟重土城_手镯店	0149	11	18	盟重手镯店	0	4	0	0	0
【盟重省】/盟重土城_武器店	0159	5	9	铁匠铺老板	0	0	0	0	0
【盟重省】/盟重土城_杂货铺	3	343	335	流浪汉	0	3	0	0	0
【盟重省】/盟重土城_药店	3	361	335	土城药店	0	1	0	0	0
【盟重省】/盟重土城_头盔店	0149	8	5	头盔店老板	0	5	0	0	0
【盟重省】/盟重土城_戒指店	0158	11	16	戒指店老板	0	5	0	0	0
【盟重省】/盟重土城_手镯店	0158	16	11	手镯店老板	0	6	0	0	0
【盟重省】/盟重土城_项链店	0158	4	21	项链店老板	0	4	0	0	0
【盟重省】/盟重土城_书店	0161	11	16	书店老板	0	2	0	0	0
【盟重省】/盟重土城_服饰店	0149	23	20	张家布衣老板	0	7	0	0	0
【盟重省】/盟重土城_药店	0160	5	8	罗家铺子老板	0	1	0	0	0
【盟重省】/勇夺皇宫	3	340     321	勇夺皇宫	0	27	0
【盟重省】/密码验证   mima  15   14   二级密码验证 	0	10	0
【盟重省】/二级密码设置   mima2  15   14   二级密码设置 	0	10	0
【盟重省】/盟重传送员	3	339	333	盟重传送员	0	8	0	0	0
【洞穴NPC】/石墓阵_武器店   D71650  23      27      武器店老板      0   0   0
【洞穴NPC】/石墓阵_服饰店   D71651  23      27      服饰店老板      0   7   0
【洞穴NPC】/石墓阵_药品店   D71653  23      27      药品店老板      0   3   0
【洞穴NPC】/石墓阵_首饰店   D71652  23      27      首饰店老板      0   5   0
【洞穴NPC】/合成师          R001    53      115     合成师          0       15      0
【洞穴NPC】/孤独老人		E603    31   191    孤独老人        0   9   0
【苍月岛】/苍月岛_首饰店		5	155	339	饰品铺老板	0	4	0	0	0
【苍月岛】/苍月岛_服饰店		5	147	328	布料铺管家	0	7	0	0	0
【幻　境】/幻境小贩		H003	89	79	幻境小贩	0	3	0	0	0
【幻　境】/幻境小贩		H007	170	170	幻境商店	0	3	0	0	0
【幻　境】/影之道_神秘老人	0150	22	12	神秘老人一	0	9	0	0	0
【幻　境】/影之道_幻境小贩	H203	21	17	影之道幻境小贩	0	3	0	0	0
【幻　境】/影之道_仓库保管员	H203	18	20	影之道保管员	0	9	0	0	0
【幻　境】/影之道_神秘老人	H204	54	52	神秘老人三	0	9	0	0	0	0
【幻　境】/影之道_沙巴克密使	H201	20	96	沙巴克密使	0	12	0	0	0
【老　兵】/比奇老兵	0	332	267	比奇老兵	0	1	0	0	0
【老　兵】/白日老兵	11	180	321	老兵	0	1	0	0	0
【老　兵】/苍月老兵		5	142	334	苍月老兵	0	1	0	0	0
【老　兵】/封魔老兵	4	240	199	恶魔老兵	0	9	0	0	0
【老　兵】/毒蛇老兵     2       503     483     毒蛇传送员  0       1      0       0       0
综合NPC/回城	GA0	65	66	点我回城	0	10	0	0	0
综合NPC/假回收		huishou	9	11	回收师		0	12	0	1	5	2	1 
综合NPC/假回收		huishou	9	11	回收师		0	12	0	1	5	2	1 
综合NPC/假回收		huishou	9	11	回收师		0	12	0	1	5	2	1 
综合NPC/真回收		huishou	9	11	回收师		0	20	0	1	5	1	1 
综合NPC/假回收		huishou	9	11	回收师		0	12	0	1	5	2	1 
综合NPC/假回收		huishou1	9	11	验证		0	12	0	1	5	2	1 
综合NPC/假回收		huishou1	9	11	验证		0	12	0	1	5	2	1 
综合NPC/假回收		huishou1	9	11	验证		0	12	0	1	5	2	1 
综合NPC/真回收		huishou1	9	11	验证		0	20	0	1	5	1	1 
综合NPC/假回收		huishou1	9	11	验证		0	12	0	1	5	2	1 
综合NPC/新区开放     xinqu    43   39    ★新区开放员★       0   10  0 
综合NPC/新区开放     xinqu    61   40    ★新区开放员★       0   10  0 
综合NPC/新区开放     xinqu    61   64    ★新区开放员★       0   10  0 
综合NPC/新区开放     xinqu    42   64    ★新区开放员★       0   10  0 
综合NPC/新区开放     xinqu    56   51    ★新区开放员★       0   10  0 
综合NPC/新区开放     xinqu    47   51    ★新区开放员★       0   10  0 

;-----------------------
魔龙城/杂货店		6	138	154	魔龙杂货店	0	17	0	0	0	0	0
魔龙城/药店		6	129	143	魔龙药店	0	22	0	0	0	0	0
魔龙城/武器店		6	106	136	魔龙武器店	0	29	0	0	0	0	0
魔龙城/首饰店		6	113	126	魔龙首饰店	0	20	0	0	0	0	0
魔龙城/守卫		6	115	148	魔龙守卫	0	32	0	0	0	0	0
魔龙城/服装店		6	108	162	魔龙服装店	0	20	0	0	0	0	0
魔龙城/老兵		6	123	156	魔龙老兵	0	27	0	0	0	0	0
魔龙城/保管员		6	95	155	魔龙保管员	0	18	0	0	0	0	0
魔龙城/向导		63	256	42	魔龙向导	0	15	0	0	0	0	0
;-----------------------

;BEGIN 元宝
;元宝充值使者	3	343	338	元宝充值使者	0	12	0	0	0	0	0
;元宝充值使者	0	332	264	元宝充值使者	0	12	0	0	0	0	0
;元宝充值使者	xinqu	51	57	元宝充值使者	0	12	0	0	0	0	0
;元宝充值使者	xinqu	52	46	元宝充值使者	0	12	0	0	0	0	0
;END 元宝


