;==========比奇(新人村一)==========
;==========比奇(新人村二)==========
;==========比奇大城==========
比奇城/比奇夏家店老板     0         324   291   比奇夏家店老板   0   5    0   0   0   0   0   
比奇城/比奇传送员         0         329   265   比奇传送员       0   8    0   0   0   0   0   
比奇城/比奇书店老板       0         325   250   比奇书店老板     0   2    0   0   0   0   0   
比奇城/比奇仓库保管员     0         301   257   比奇仓库保管员   0   12   0   0   0   0   0   
比奇城/比奇卫家店         0103      19    18    比奇卫家店       0   1    0   0   0   0   0   
比奇城/比奇安家布衣       0106      19    6     比奇安家布衣     0   7    0   0   0   0   0   
特殊NPC/特殊商人          0126      10    10    特殊商人         0   9    0   0   0   0   0   
;特殊NPC/万能商人          0         335   265   万能NPC          0   14   0   0   0   0   0   
功能NPC/英雄技能          0         340   268   龙人         0   15    1   0   0   0   0   
功能NPC/英雄管理          0         340   262   领取英雄         0   31   0   0   0   0   0   
;功能NPC/聚灵道人          0         322   262   聚灵道人         0   14   0   0   0   0   0   
;功能NPC/高级回收          0         322   269   金刚石回收       0   18   0   0   0   0   0   
功能NPC/装备回收          0         322   272   双倍经验使者         0   101   0   0   0   0   0   
功能NPC/新技能            0         340   265   新技能兑换       0   20   0   0   0   0   0   
功能NPC/金币换元宝        0         322   262   兑换金币     0   27   0   0   0   0   0   
盟重土城/金币回收         0         322   265   装备回收         0   12   0   0   0   0   0  
功能NPC/加群礼包         0         335   267   礼包大使         0   35   0   0   0   0   0  
功能NPC/加群礼包         3         340   340   礼包・大使         0   35   0   0   0   0   0  
功能NPC/加群礼包         csd      9     13   礼包大使         0   35   0   0   0   0   0  
功能NPC/测试奖励领取      0         322   269   测试奖励使者     0   100   0   0   0   0   0  
功能NPC/人民币回收      3         334   340   人民币回收     0   100   0   0   0   0   0  
功能NPC/积分商城      3         345  340   积分商城      0   12   0   0   0   0   0  
;==========土城==========

;赌博/赌博                 3         338   328   赌场传送         0   12   0   0   0   0   0   
功能NPC/升官晋级          3         325   321   ★加官进爵★         0   18   0   0   0   0   0   
毒蛇山谷/山谷老人         3         855   661   山谷老人         0   3    0   0   0   0   0   
盟重土城/盟重仓库保管员   0145      9     12    盟重仓库保管员   0   12   0   0   0   0   0   
盟重土城/张家布衣老板     0149      23    20    张家布衣老板     0   7    0   0   0   0   0   
盟重土城/盟重手套店老板   0149      11    18    盟重手套店老板   0   4    0   0   0   0   0   
盟重土城/盟重老张头盔店   0149      8     5     盟重老张头盔店   0   5    0   0   0   0   0   
盟重土城/盟重铁匠铺老板   0159      5     9     盟重铁匠铺老板   0   0    0   0   0   0   0   
盟重土城/罗家铺子老板     0160      5     8     罗家铺子老板     0   1    0   0   0   0   0   
盟重土城/盟重戒指店老板   0158      11    16    盟重戒指店老板   0   5    0   0   0   0   0   
盟重土城/盟重手镯店老板   0158      16    11    盟重手镯店老板   0   6    0   0   0   0   0   
盟重土城/盟重项链店老板   0158      4     21    盟重项链店老板   0   4    0   0   0   0   0   
盟重土城/盟重流浪汉       3         346   334   盟重流浪汉       0   3    0   0   0   0   0   
盟重土城/盟重屠夫         3         355   329   盟重屠夫         0   11   0   0   0   0   0   
盟重土城/盟重药店老板     3         361   335   盟重药店老板     0   1    0   0   0   0   0   
盟重土城/盟重书店老板     0161      11    16    盟重书店老板     0   2    0   0   0   0   0   
;盟重土城/游戏助理         3         330   331   必看攻略         0   36   0   0   0   0   0   
盟重土城/镇魔守将         3         322   340   地下宫殿         3   31   0   0   0   0   0   
盟重土城/魔龙殿           3         321   333   魔龙使者       0   27   0   0   0   0   0   
盟重土城/BOSS之家         3         321   330    BOSS使者     0   27   0   0   0   0   0   
盟重土城/奖励大使         3         638   280    奖励大使     0   31   0   0   0   0   0
盟重土城/BOSS使者         bssly1    181    176     BOSS失乐园     0   73   0   0   0   0   0   
;盟重土城/技能圣地         3         337   340   技能圣地         0   27   0   0   0   0   0   
;盟重土城/龙源血路         3         334   340   龙源血路         0   27   0   0   0   0   0   
盟重土城/沙影之道         3         321   336   沙巴克藏宝阁         0   27   0   0   0   0   0   
;盟重土城/盟重老兵         3         325   525   盟重老兵         0   1    0   0   0   0   0   
盟重土城/盟重传送员       3         339   333   盟重传送员       0   8    0   0   0   0   0   
;盟重土城/富翁传送员       3         339   333   富翁传送员       0   8    0   0   0   0   0   
;盟重土城/圣域             3         325   340   圣域             0   27   0   0   0   0   0   
盟重土城/金币回收         3         331   340   装备回收         0   12   0   0   0   0   0   
盟重土城/卧龙山庄         3         317  341   卧龙山庄         0   70   0   0   0   0   0   
;盟重土城/火龙巢穴         3         318   331   通天神殿         0   70   0   0   0   0   0  
;盟重土城/BOSS皇宫         3         325   340    BOSS皇宫         0   27   0   0   0   0   0 
盟重土城/BOSS皇宫2         BSHG1     17    22   BOSS皇宫         0   27   0   0   0   0   0 
盟重土城/石墓禁地         3         321   327    王者禁地         0   27   0   0   0   0   0  
盟重土城/玛雅神殿         3         321   324   玛雅使者         0   27   0   0   0   0   0 
盟重土城/黑暗之门         3         320   342   黑暗之门         0   98   0   0   0   0   0
盟重土城/黑暗之门传送        ha1       20   23   黑暗之门传送        0   98   0   0   0   0   0
盟重土城/黑暗之门传送        ha2       20   23   黑暗之门传送        0   98   0   0   0   0   0
盟重土城/黑暗之门传送        ha3       20   23   黑暗之门传送        0   98   0   0   0   0   0
盟重土城/黑暗之门传送        ha4       20   23   黑暗之门传送        0   98   0   0   0   0   0
盟重土城/黑暗之门传送        ha5       20   23   黑暗之门传送        0   98   0   0   0   0   0
盟重土城/黑暗之门传送        ha6       20   23   黑暗之门传送        0   98   0   0   0   0   0
盟重土城/黑暗之门传送        ha7       20   23   黑暗之门传送        0   98   0   0   0   0   0
盟重土城/黑暗之门传送        ha8       20   23   黑暗之门传送        0   98   0   0   0   0   0
盟重土城/神秘庄园        ha9       20   23   神秘庄园        0   31   0   0   0   0   0
盟重土城/上古禁地        3       318   320   上古禁地        0   118   0   0   0   0   0
盟重土城/上古秘境        sgjd       13   12   上古秘境        0   97   0   0   0   0   0
盟重土城/幽冥鬼域        3      318 331    幽冥鬼域        0   71   0   0   0   0   0
盟重土城/幽冥古墓        ymgy     83  24    幽冥古墓        0   97   0   0   0   0   0
盟重土城/伏魔殿        3     318  327   伏魔殿        0   71   0   0   0   0   0
盟重土城/诛仙神殿        fmd   21  25  伏魔圣地        0   73   0   0   0   0   0
盟重土城/神圣古迹       3       318   335  神圣古迹        0   71   0   0   0   0   0
盟重土城/玛雅使者         mysd3      15   22    玛雅使者         0   27   0   0   0   0   0 
;盟重土城/九宫迷阵         3         318   334   九宫迷阵         0   70  0   0   0   0   0 
;;盟重土城/霸者神域         3         318   339   霸者神域         0   73  0   0   0   0   0 
;盟重土城/绝世之巅         3         316   317   绝         0   97  0   0   0   0   0 
;盟重土城/绝世之巅         3         316   318   世         0   97  0   0   0   0   0 
;盟重土城/绝世之巅         3         316   319   之         0   97  0   0   0   0   0 
;盟重土城/绝世之巅         3         316   320   巅         0   97  0   0   0   0   0 
;盟重土城/世外桃源         3         318   329   世外桃源         0   70  0   0   0   0   0 
;盟重土城/屠龙殿         h009       149   103   屠龙殿         0   8  0   0   0   0   0 
;庄园                      3         324   324   交易市场　       0   14   0   0   0   0   0   
沙巴克/沙巴克小贩         3         663   304   沙巴克小贩       0   3    1   0   0   0   0   
特殊NPC/东方商人          0146      4     11    东方商人         0   9    0   0   0   0   0   
特殊NPC/屠夫              3         659   301   屠夫             0   1    1   0   0   0   0   
;特殊NPC/万能商人          3         332   331   万能NPC          0   14   0   0   0   0   0   
功能NPC/英雄技能          3         337   321   龙人         0   15    1   0   0   0   0   
功能NPC/聚灵道人          3         325   340  聚灵道人         0   14   0   0   0   0   0   
功能NPC/武器锻造师        3         333   317   命运之刃         0   18   0   0   0   0   0   
功能NPC/高级回收          3         328   340   金刚石回收       0   18   0   0   0   0   0   
功能NPC/装备回收          3         331   321   双倍经验使者        0   101   0   0   0   0   0   
功能NPC/新技能            3         335   321   新技能兑换       0   20   0   0   0   0   0   
功能NPC/金币换元宝        3         340   329   兑换金币     0   27   0   0   0   0   0   
特殊NPC/万能商人          3         324   324   老兵          0   1   1   0   0   0   0  
功能NPC/改名赞助          bshg13    23     32   赞助         0   8    1   0   0   0   0  
功能NPC/绝世神技          3         329   321   绝世神技         0   102    1   0   0   0   0  
功能NPC/激情使者          3         321   321   ★激情争霸★         0   31    1   0   0   0   0   
空格名字删号            csd        23   16      空格名字删号    0   97   1  0   0    0   0
;==========沙巴克==========
沙巴克/沙巴克铁匠铺       0151      3     19    沙巴克铁匠铺     0   0    1   0   0   0   0   
沙巴克/沙巴克武器铺       0151      7     14    沙巴克武器铺     0   0    1   0   0   0   0   
沙巴克/沙巴克仓库         0152      7     12    沙巴克仓库       0   12   1   0   0   0   0   
沙巴克炼武器              0151      12    10    沙巴克炼武器     0   0    1   0   0   0   0   
;沙巴克/奖励颁发使者       0150      12    8     奖励颁发使者     0   8    0   0   0   0   0   
特殊NPC/宫殿商人          0152      4     15    宫殿商人         0   9    1   0   0   0   0   
;==========封魔谷==========
;特殊NPC/万能商人          4         238   200   万能商人          0   14   0   0   0   0   0   
封魔谷/沃玛教主           b341      17    22    沃玛教主         0   27   0   0   0   0   0   
封魔谷/恶魔老兵           4         238   194   恶魔老兵         0   29   0   0   0   0   0   
;==========毒蛇山谷 或者打工集中营==========
特殊NPC/神秘老人          2         515   464   神秘老人         0   9    0   0   0   0   0   
;==========苍月岛==========
;特殊NPC/万能商人          5         142   326   万能NPC          0   14   0   0   0   0   0   
苍月岛/海岛老兵           5         139   326   海岛老兵         0   1    0   0   0   0   0   
苍月岛/苍月岛仓库保管员   5         126   332   苍月岛仓库保管   0   12   0   0   0   0   0   
;==========白日门==========
;特殊NPC/万能商人          11        180   321   万能NPC          0   14   0   0   0   0   0   
白日门/白日门药剂师       1006      12    7     白日门药剂师     0   25   0   0   0   0   0   
白日门/白日门向导         11        186   298   白日门向导       0   15   0   0   0   0   0   
白日门/白日门天尊         1002      14    13    白日门天尊       0   14   0   0   0   0   0   
;==========魔龙==========
;特殊NPC/万能商人          6         123   153   万能NPC          0   14   0   0   0   0   0   
魔龙城/守卫               6         115   148   魔龙城守卫       0   32   0   0   0   0   0   
魔龙城/老兵               6         123   156   魔龙城老兵       0   27   0   0   0   0   0   
魔龙城/保管员             6         95    155   魔龙城保管员     0   12   0   0   0   0   0   
;==========其他==========
赌博/美女服务员           TXDGA     9     10    美女服务员       0   12   0   0   0   0   0   
盟重土城/行会招人        3       340    326    招兵买马         0   49    0   0   0   0   0  
盟重土城/幸运之家         GA0       65    67    幸运之家         0   8    0   0   0   0   0   
功能NPC/武器升级师        GA0       61   67    武器升级       0   16   0   0   0   0   0   
功能NPC/强化技能          3       333   321    强化技能使者         0   16   0   0   0   0   0   
功能NPC/转职变性          GA0       69    63    转职变性         0   31   0   0   0   0   0   
功能NPC/神秘合成          GA0       65    63    神秘合成师       0   103   0   0   0   0   0   
功能NPC/点我回城          GA0       67    69    点我回城         0   14   0   0   0   0   0   
比奇城/比奇戒指店老板     0105      18    6     比奇戒指店老板   0   4    0   0   0   0   0   
比奇城/比奇手镯店老板     0105      12    12    比奇手镯店老板   0   5    0   0   0   0   0   
比奇城/比奇项链店老板     0105      6     18    比奇项链店老板   0   6    0   0   0   0   0   
盟重土城/老人             E603      31    191   老人             0   9    0   0   0   0   0   
特殊NPC/踏云尊者          0113      8     8     踏云尊者         0   14   0   0   0   0   0   
特殊NPC/论武尊            R001      100   93    论武尊           0   15   0   0   0   0   0   
特殊NPC/沃玛铁匠          1         314   72    沃玛铁匠         0   0    0   0   0   0   0   
特殊NPC/沃玛商人          1         309   81    沃玛商人         0   4    0   0   0   0   0   
特殊NPC/沃玛老人          1         235   305   沃玛老人         0   9    0   0   0   0   0   
特殊NPC/森林老人          1         96    290   森林老人         0   3    0   0   0   0   0   
特殊NPC/刘老头            D002      187   214   刘老头           0   9    0   0   0   0   0   
特殊NPC/洞穴不法小贩      DM001     4     6     洞穴不法小贩     0   9    0   0   0   0   0   
特殊NPC/万能商人          D2008     32    23    万能商人          0   14   0   0   0   0   0   
特殊NPC/万能商人          H007      170   170   万能商人          0   14   0   0   0   0   0   
封魔谷/红娘               M101      29    32    红娘             0   12   0   0   0   0   0   
地下宫殿/仓库管理         H007A     161   179   仓库管理员       0   1    1   0   0   0   0   
地下宫殿/宫殿小贩         H007A     169   171   宫殿小贩         0   3    1   0   0   0   0   
地下宫殿/宫殿商人         T1061A    17    22    宫殿商人         0   17   0   0   0   0   0   
地下宫殿/地下城守卫       T1061A    20    24    地下城守卫       0   15   0   0   0   0   0   
魔龙城/向导               63        254   40    魔龙城向导       0   27   0   0   0   0   0   
魔龙城/仓库               63        256   42    魔龙城保管员     0   12   0   0   0   0   0   
出生地/领取英雄           CSD       18    11    领取英雄         0   35    0   0   0   0   0    
出生地/开区后回比齐       CSD       15    8    开区传送员       0   35    0   0   0   1   1   
;出生地/领取英雄           CSD       9    13    领取英雄         0   35    0   0   0   0   0   
功能NPC/密码验证          MIMA      15    14    狱长             0   35   0   0   0   0   0   
功能NPC/天下              tianxia   20    23    天下第一裁判员   0   18   0   0   0   0   0   
幻境三                    H003      84    85    幻境四层         0   15   0   0   2   0   0   
功能NPC/GM管理            zhufu     20    23    GM管理           0   122    1   0   0   0   0   
幻境NPC/幻境_幻境小贩     H003      89    79    幻境小贩         0   3    0   0   0   0   0   
幻境NPC/幻境_仓库管理员   H003      80    87    幻境三层仓库     0   9    0   0   0   0   0   
功能NPC/天下第一          3   329    344   天下・第一   0   39   0   0   0   0   
神力护身   3   327  321   ★神力护身★   0  12  0
;gm005装备求购NPC/gm005装备求购NPC	3	333	321	新装备求购平台	0	12	0	0	0	0	0
;行会招人  3   342 325  行会招人   0	49	0
Mir2m2二级密码NPC/Mir2m2二级密码NPC	0	291    617	帐号二代密保	0	35	1	0	0	0	0
Mir2m2二级密码NPC/Mir2m2二级密码NPC	0	646    626	帐号二代密保	0	35	0	0	0	0	0
Mir2m2二级密码NPC/Mir2m2二级密码NPC	3	344    328	帐号二代密保	0	35	0	0	0	0	0
Mir2m2二级密码NPC/Mir2m2二级密码NPC	Mir2m2mima2	15	17	二级密码验证	0	35	0	0	0	0	0
Mir2m2二级密码NPC/Mir2m2二级密码NPC	Mir2m2mima1	15	17	二级密码验证	0	35	0	0	0	0	0
Mir2m2装备淬炼NPC/Mir2m2装备淬炼NPC	 GA0 	63  65	极品淬炼	0	12	0	0	0	0	0
;真爱鲜花    GA0   64  73   真爱鲜花   0  12  0
攻城指挥         3       340     322    剑指沙城         0	39	1	0	0	0	0
捡物奖励NPC/捡物奖励NPC   3  337     340       首爆・大使          0	35	0	0	0	0	0
;功能NPC/菊花爆满山	3	319	319	七重天	0	118	0	0	0	0	0
功能NPC/五层传送员	aq04	18	16	五层传送员	0	9	0	0	0	0	0
功能NPC/六层传送员	aq05	50	49	六层传送员	0	9	0	0	0	0	0
功能NPC/七层传送员	aq06	19	21	七层传送员	0	9	0	0	0	0	0
;批量买药  3  340 325  批量买药   0 12  0
;装备发光   3  331 321  装备发光  0  12  0
盟重土城/充值回馈         3         343   340   充值回馈         0   12  0   0   0   0   0 
Mir2m2二级密码NPC/Mir2m2二级密码NPC	CSD	12  10	帐号二代密保	0	35	1	0	0	0	0
测试奖励使者	3	329	321	测试奖励使者	0	100	0	0	0	0	0
;BEGIN 元宝
;END 元宝
Mir2m2单挑擂台NPC/Mir2m2单挑擂台NPC	dantiaoA1	15	15	单挑擂台	0	12	0	0	0	0	0
Mir2m2单挑擂台NPC/Mir2m2单挑擂台NPC	dantiaoA2	15	15	单挑擂台	0	12	0	0	0	0	0
Mir2m2单挑擂台NPC/Mir2m2单挑擂台NPC	dantiaoA3	15	15	单挑擂台	0	12	0	0	0	0	0
Mir2m2单挑擂台NPC/Mir2m2单挑擂台NPC	dantiaoA4	15	15	单挑擂台	0	12	0	0	0	0	0
Mir2m2单挑擂台NPC/Mir2m2单挑擂台NPC	dantiaoA5	15	15	单挑擂台	0	12	0	0	0	0	0
Mir2m2单挑擂台NPC/Mir2m2单挑擂台NPC	dantiaoA6	15	15	单挑擂台	0	12	0	0	0	0	0
Mir2m2单挑擂台NPC/Mir2m2单挑擂台NPC	dantiaoA7	15	15	单挑擂台	0	12	0	0	0	0	0
Mir2m2单挑擂台NPC/Mir2m2单挑擂台NPC	dantiaoA8	15	15	单挑擂台	0	12	0	0	0	0	0
Mir2m2单挑擂台NPC/Mir2m2单挑擂台NPC	dantiaoA9	15	15	单挑擂台	0	12	0	0	0	0	0
Mir2m2单挑擂台NPC/Mir2m2单挑擂台NPC	dantiaoB1	15	15	单挑擂台	0	12	0	0	0	0	0
Mir2m2单挑擂台NPC/Mir2m2单挑擂台NPC	dantiaoB2	15	15	单挑擂台	0	12	0	0	0	0	0
Mir2m2单挑擂台NPC/Mir2m2单挑擂台NPC	dantiaoB3	15	15	单挑擂台	0	12	0	0	0	0	0
Mir2m2单挑擂台NPC/Mir2m2单挑擂台NPC	dantiaoB4	15	15	单挑擂台	0	12	0	0	0	0	0
Mir2m2单挑擂台NPC/Mir2m2单挑擂台NPC	dantiaoB5	15	15	单挑擂台	0	12	0	0	0	0	0
Mir2m2单挑擂台NPC/Mir2m2单挑擂台NPC	dantiaoB6	15	15	单挑擂台	0	12	0	0	0	0	0
Mir2m2单挑擂台NPC/Mir2m2单挑擂台NPC	dantiaoB7	15	15	单挑擂台	0	12	0	0	0	0	0
Mir2m2单挑擂台NPC/Mir2m2单挑擂台NPC	dantiaoB8	15	15	单挑擂台	0	12	0	0	0	0	0
Mir2m2单挑擂台NPC/Mir2m2单挑擂台NPC	dantiaoB9	15	15	单挑擂台	0	12	0	0	0	0	0
Mir2m2单挑擂台NPC/Mir2m2单挑擂台NPC	3		323	321	★单挑擂台★	0	12	0	0	0	0	0

Mir2m2组队擂台NPC/Mir2m2组队擂台NPC	zuduimapA1	29	21	组队擂台	0	12	0	0	0	0	0
Mir2m2组队擂台NPC/Mir2m2组队擂台NPC	zuduimapA2	29	21	组队擂台	0	12	0	0	0	0	0
Mir2m2组队擂台NPC/Mir2m2组队擂台NPC	zuduimapA3	29	21	组队擂台	0	12	0	0	0	0	0
Mir2m2组队擂台NPC/Mir2m2组队擂台NPC	zuduimapA4	29	21	组队擂台	0	12	0	0	0	0	0
Mir2m2组队擂台NPC/Mir2m2组队擂台NPC	zuduimapA5	29	21	组队擂台	0	12	0	0	0	0	0
Mir2m2组队擂台NPC/Mir2m2组队擂台NPC	zuduimapA6	29	21	组队擂台	0	12	0	0	0	0	0
Mir2m2组队擂台NPC/Mir2m2组队擂台NPC	zuduimapA7	29	21	组队擂台	0	12	0	0	0	0	0
Mir2m2组队擂台NPC/Mir2m2组队擂台NPC	zuduimapA8	29	21	组队擂台	0	12	0	0	0	0	0
Mir2m2组队擂台NPC/Mir2m2组队擂台NPC	zuduimapA9	29	21	组队擂台	0	12	0	0	0	0	0
Mir2m2组队擂台NPC/Mir2m2组队擂台NPC	zuduimapB1	29	21	组队擂台	0	12	0	0	0	0	0
Mir2m2组队擂台NPC/Mir2m2组队擂台NPC	zuduimapB2	29	21	组队擂台	0	12	0	0	0	0	0
Mir2m2组队擂台NPC/Mir2m2组队擂台NPC	zuduimapB3	29	21	组队擂台	0	12	0	0	0	0	0
Mir2m2组队擂台NPC/Mir2m2组队擂台NPC	zuduimapB4	29	21	组队擂台	0	12	0	0	0	0	0
Mir2m2组队擂台NPC/Mir2m2组队擂台NPC	zuduimapB5	29	21	组队擂台	0	12	0	0	0	0	0
Mir2m2组队擂台NPC/Mir2m2组队擂台NPC	zuduimapB6	29	21	组队擂台	0	12	0	0	0	0	0
Mir2m2组队擂台NPC/Mir2m2组队擂台NPC	zuduimapB7	29	21	组队擂台	0	12	0	0	0	0	0
Mir2m2组队擂台NPC/Mir2m2组队擂台NPC	zuduimapB8	29	21	组队擂台	0	12	0	0	0	0	0
Mir2m2组队擂台NPC/Mir2m2组队擂台NPC	zuduimapB9	29	21	组队擂台	0	12	0	0	0	0	0
;Mir2m2组队擂台NPC/Mir2m2组队擂台NPC	3		333	321	组队擂台・PK	0	12	0	0	0	0	0

功能NPC/新区活动          3      332    344    必爆・活动         0   35   0   0   0   0   0   
功能NPC/行会战场          3      326    344    行会・战场         0   35   0   0   0   0   0
元宝使者 3 344 338 元宝使者 0 12 0
元宝使者 0 330 263 元宝使者 0 12 0
元宝使者 csd 21 14 元宝使者 0 12 0
