; 此 版 本 来 自 润 芒 论 坛 ｗｗｗ.ｒｕｎｍａ ｎｇ.ｃｏｍ

屠杀大赛	3	325	343	屠杀大赛[活动]	0	37	0	0	0	0	0
行会泡点	3	328	343	行会泡点[活动]	0	39	0	0	0	0	0
激情大殿	3	331	343	激情大殿[活动]	0	37	0	0	0	0	0
ＰＫ奖励      hhpd     9      12      ＰＫ奖励        0       12      0       0       0       0       0
招兵买马	3	343	323	招兵买马	0	49	0	0	0	0	0
交易市场	3	321	324	交易市场[庄园]	0	31	0	0	0	0	0
暴击使者	GA0	64	64	暴击使者	0       113	0	0	0	0	0	0
签到奖励	3	328	323	签到使者	0	15	0	0	0	0	0
;赌博/赌博       3	331	323	盟重赌场	0	12	0	0	0	0	0
;赌博/美女服务员		TXDGA	5	14	美女服务员	0	12	0	0	0	0	0
;赌博/赌博		TXDGA	10	8	单人赌博机	0	12	0	0	0	0	0
测试奖励领取    3       334     323     测试奖励员      0       12      0       0       0       0       0
激情升级	3	352	336	激情派对	0	78	0	0	0	0	0
;心想事成	3	340	329	心想事成	0	91	0	0	0	0	0
地图传送/BOSS集中	3	350	322	破灭BOSS集中营	0	120	0	0	0	0	0
地图传送/破灭神殿	3	331	318	破灭神殿[恐怖]	0	70	0	0	0	0	0
地图传送/新手圣地	3	336	340	新手圣地[初级]	0	98	0	0	0	0	0
地图传送/玛雅神殿	3	333	340	玛雅神殿[中级]	0	98	0	0	0	0	0
地图传送/狼牙山谷	3	330	340	狼牙山谷[中级]	0	98	0	0	0	0	0
地图传送/世外桃源	3	327	340	世外桃源[中级]	0	98	0	0	0	0	0  
地图传送/赤血魔域	3	324	340	赤血魔域[高级]	0	98	0	0	0	0	0
地图传送/深渊魔域	3	321	340	深渊魔域[高级]	0	98	0	0	0	0	0
地图传送/散人天堂	3	318	340	散人天堂[高级]	0	119	0	0	0	0	0
地图传送/地下皇陵	3	318	334	地下皇陵[超级]	0	74	0	0	0	0	0
地图传送/Boss皇陵	3	318	330	秦皇陵地[超级]	0	75	0	0	0	0	0
地图传送/狂暴圣地       3	318     326	星王圣地[危险]	0	75	0	0	0	0	0
地图传送/终极神殿       3	318     322	星王神殿[危险]	0	74	0	0	0	0	0 
地图传送/破灭天宫       3	323     318	破灭天宫[恐怖]	0	70	0	0	0	0	0
地图传送/破灭庄园       3	327     318     破灭庄园[恐怖]	0	70	0	0	0	0	0
地图传送/寒冰领地       3	318     317     寒冰领地[恐怖]	0	119	0	0	0	0	0
升级奖励	3	337	323	升级奖励	0	15	0	0	0	0	0
转职大师	3	328	321	转职变性服务	0	15	0	0	0	0	0
赞助大使	3	342	340	赞助大使	0	15	0	0	0	0	0
装备回收/点我回城	zb	11	15	点我回城	0	8	0	0	0	0	0
装备回收/装备回收	3	321	321	装备回收	0	131	0	0	0	0	0
装备回收/装备回收	zb	5	8	装备回收	0	7	0	0	0	0	0
装备回收/金刚石回收	zb	2	11	金刚石回收	0	15	0	0	0	0	0
网络刑天制作/兑换技能	3	334	321	新技能兑换	0	20	0	0	0	0	0
网络刑天制作/我要买官	3	325	323	晋级军衔	0	18	0	0	0	0	0
装备回收/自动取款机	zb	6	14	兑换人民币	0	95	0	0	0	0	0
装备回收/天机老人	zb	8	5	天机老人	0	15	0	0	0	0	0
装备回收/人民币回收	zb	10	10	人民币回收	0	95	0	0	0	0	0
网络刑天制作/综合服务	3	331	321	综合服务	0	31	0	0	0	0	0
网络刑天制作/攻沙奖励	0150	12	8	奖励颁发使者	0	8	0	0	0	0	0
网络刑天制作/幸运之家	3	340	340	幸运升级	0	15	0	0	0	0	0
网络刑天制作/锻造大师	GA0	69	68	锻造大师	0	0	0	0	0	0	0
网络刑天制作/神秘合成	GA0	66	71	神秘合成师	0	3	0	0	0	0	0
网络刑天制作/群雄争霸	3	321	332	群雄争霸[活动]	0	31	0	0	0	0	0
网络刑天制作/行会争霸	3	321	328	行会争霸[活动]	0	31	0	0	0	0	0
网络刑天制作/行会战争	xinghuizb2	15	7	行会领奖使者	0	15	0	0	0	0	0
网络刑天制作/群英擂台	qunying	29	15	群雄裁判员	0	30	0	0	0	0	0
网络刑天制作/网络文明宣传员	0	325	263	网络文明宣传员	0	5	0	0	0	0	0
网络刑天制作/冲向沙城	3	340	325	沙巴克传送	0	21	0	0	0	0	0
网络刑天二级密码/帐号二代密保	0	291	617	帐号二代密保	4	35	1	0	0	0	0
网络刑天二级密码/帐号二代密保	3	343	330	帐号二代密保	4	35	1	0	0	0	0
网络刑天二级密码/帐号二代密保	MIMA	11	17	帐号二代密保	4	35	1	0	0	0	0
网络刑天二级密码/二级密码验证	MIMA	15	17	二级密码验证	0	8	0	0	0	0	0
网络刑天二级密码/帐号二代密保	SZMM	11	17	帐号二代密保	4	35	1	0	0	0	0
网络刑天二级密码/二级密码验证	SZMM	15	17	二级密码验证	0	8	0	0	0	0	0
功能NPC/交易市场	GA0	66	66	点我回城	0	8	0	0	0	0	0
功能NPC/仓库保管员	GA0	65	67	仓库保管	0	1	0	0	0	0	0
功能NPC/合成技能	3	340	321	英雄使者	0	35	0	0	0	0	0
功能NPC/欧阳镖头	YB01	78	79	欧阳镖头\任务	3	31	0	0	0	0	0
功能NPC/镖务总管	YB02	15	22	镖务总管\任务	0	8	0	0	0	0	0
功能NPC/禁止使用	0	655	625	禁止使用空白名	0	39	0	0	0	0	0
功能NPC/禁止使用	0	292	613	禁止使用空白名	0	39	0	0	0	0	0
功能NPC/英雄管理	0	652	624	领取英雄	0	31	0	0	0	0	0
功能NPC/英雄管理	0	288	612	领取英雄	0	31	0	0	0	0	0
功能NPC/英雄管理	0	331	266	领取英雄	0	31	0	0	0	0	0
功能NPC/新人接待员	0	649	625	新人接待员	0	8	0	0	0	0	0
功能NPC/新人接待员	0	286	616	新人接待员	0	8	0	0	0	0	0
地图传送/Boss二层	bossg	16	21	Boss二层	0	11	0	0	0	0	0
地图传送/地下一层	di1	33	33	去下一层	0	20	0	0	0	0	0
地图传送/地下二层	di2	32	42	去下一层	0	20	0	0	0	0	0
地图传送/狐月山介绍	fox02	295	32	狐月山介绍	0	1	0	0	0	0	0
地图传送/狐月	fox02	223	299	狐月神殿传送	0	1	0	0	0	0	0
地图传送/雷炎探险者	hl002	77	157	雷炎探险者	0	15	0	0	0	0	0
地图传送/雷炎探险者	hl001	19	223	雷炎探险者	0	15	0	0	0	0	0
幻境/幻境向导	h003	83	84	幻境向导	0	15	0	0	0	0	0
幻境/幻3小贩	h003	88	79	幻境小贩	0	3	0	0	0	0	0
幻境/仓库管理	h003	80	87	仓库管理	0	1	0	0	0	0	0
幻境/幻7小贩	h007	167	170	幻境小贩	0	3	0	0	0	0	0
幻境/仓库管理	h007	161	176	仓库管理	0	1	0	0	0	0	0
游戏任务/镇远镖局	3	321	336	镇远镖局[活动]	0	31	0	0	0	0	0
比奇城/武馆教头	0137	21	11	比奇武馆教头	0	15	0	0	0	0	0
比奇城/比奇屠夫	0102	9	7	比奇屠夫	0	11	0	0	0	0	0
比奇城/比奇城屠夫	0	313	271	比奇城屠夫	0	4	0	0	0	0	0
比奇城/比奇卫家店	0103	19	18	比奇卫家店	0	1	0	0	0	0	0
比奇城/比奇铁匠铺老板	0	302	219	比奇铁匠铺老板	0	0	0	0	0	0	0
比奇城/比奇安家布衣	0106	19	6	比奇安家布衣	0	7	0	0	0	0	0
比奇城/比奇老兵	0	331	270	比奇老兵	0	1	0	0	0	0	0
比奇城/比奇赖家店老板	0108	7	7	比奇赖家店老板	0	1	0	0	0	0	0
比奇城/比奇夏家店老板	0	324	291	比奇夏家店老板	0	5	0	0	0	0	0
比奇城/比奇杳水店老板	0109	4	8	比奇杳水店老板	0	9	0	0	0	0	0
比奇城/陈家铺子老板	0104	5	8	陈家铺子老板	0	2	0	0	0	0	0
比奇城/比奇书店老板	0	325	250	比奇书店老板	0	2	0	0	0	0	0
比奇城/比奇麦家铺子	0125	8	6	比奇麦家铺子	0	9	0	0	0	0	0
比奇城/比奇仓库保管员	0	301	257	比奇仓库保管员	0	12	0	0	0	0	0
比奇城/比奇杂货铺老板	0	378	298	比奇杂货铺老板	0	3	0	0	0	0	0
比奇城/比奇戒指店老板	0105	18	6	比奇戒指店老板	0	4	0	0	0	0	0
比奇城/比奇手镯店老板	0105	12	12	比奇手镯店老板	0	5	0	0	0	0	0
比奇城/比奇项链店老板	0105	6	18	比奇项链店老板	0	6	0	0	0	0	0
比奇城/助理小敏	0	628	601	助理小敏	0	5	0	0	0	0	0
比奇城/彩票员	0	298	317	彩票员	0	3	0	0	0	0	0
比奇城/高级武士	0114	14	9	高级武士	0	3	0	0	0	0	0
比奇城/高级武士	01141	14	9	高级武士	0	3	0	0	0	0	0
银杏新人村/新人村许家店	0119	10	11	新人村许家店	0	1	0	0	0	0	0
银杏新人村/药房小老板	0119	14	14	药房小老板	0	9	0	0	0	0	0
银杏新人村/陈家铺老板	0	643	611	陈家铺老板	0	3	0	0	0	0	0
银杏新人村/精武馆老板	0	649	602	精武馆老板	0	0	0	0	0	0	0
银杏新人村/高家店老板	0	643	601	高家店老板	0	7	0	0	0	0	0
银杏新人村/新人村屠夫	0	649	591	新人村屠夫	0	11	0	0	0	0	0
银杏新人村/廖家店老板	0	621	642	廖家店老板	0	6	0	0	0	0	0
比奇村/边界村小店老板	0	291	610	边界村小店老板	0	1	0	0	0	0	0
比奇村/边界村铁匠铺	0	297	612	边界村铁匠铺	0	0	0	0	0	0	0
比奇村/边界村屠夫	0	293	603	边界村屠夫	0	11	0	0	0	0	0
比奇村/白服装老板	0	305	607	白家服装老板	0	7	0	0	0	0	0
比奇村/边界村书店老板	0132	5	18	边界村书店老板	0	2	0	0	0	0	0
比奇村/边界村保管员	0140	8	9	边界村保管员	0	9	0	0	0	0	0
比奇村/边界村戒指店	0141	23	23	边界村戒指店	0	4	0	0	0	0	0
比奇村/边界村手镯店	0141	16	16	边界村手镯店	0	5	0	0	0	0	0
比奇村/边界村项链店	0141	10	10	边界村项链店	0	6	0	0	0	0	0
毒蛇山谷/朴铁匠	0120	7	8	朴铁匠	0	0	0	0	0	0	0
毒蛇山谷/铁匠	2	518	492	铁匠	0	0	0	0	0	0	0
毒蛇山谷/薄家药铺老板	0117	4	10	薄家药铺老板	0	1	0	0	0	0	0
毒蛇山谷/药铺老板	2	505	497	药铺老板	0	1	0	0	0	0	0
毒蛇山谷/罗家铺子老板	2	505	479	罗家铺子老板	0	3	0	0	0	0	0
毒蛇山谷/米家服装老板	2	517	477	米家服装老板	0	7	0	0	0	0	0
毒蛇山谷/山谷仓库保管员	2	517	466	山谷仓库保管员	0	12	0	0	0	0	0
毒蛇山谷/山谷老人	3	855	661	山谷老人	0	3	0	0	0	0	0
盟重土城/盟重仓库保管员	0145	9	12	盟重仓库保管员	0	12	0	0	0	0	0
盟重土城/悦来客栈老板	3	305	373	悦来客栈老板	0	12	0	0	0	0	0
盟重土城/张家布衣老板	0149	23	20	张家布衣老板	0	7	0	0	0	0	0
盟重土城/盟重手套店老板	0149	11	18	盟重手套店老板	0	4	0	0	0	0	0
盟重土城/盟重老张头盔店	0149	8	5	盟重老张头盔店	0	5	0	0	0	0	0
盟重土城/盟重铁匠铺老板	0159	5	9	盟重铁匠铺老板	0	0	0	0	0	0	0
盟重土城/罗家铺子老板	0160	5	8	罗家铺子老板	0	1	0	0	0	0	0
盟重土城/盟重戒指店老板	0158	11	16	盟重戒指店老板	0	5	0	0	0	0	0
盟重土城/盟重手镯店老板	0158	16	11	盟重手镯店老板	0	6	0	0	0	0	0
盟重土城/盟重项链店老板	0158	4	21	盟重项链店老板	0	4	0	0	0	0	0
盟重土城/盟重流浪汉	3	346	334	盟重流浪汉	0	3	0	0	0	0	0
盟重土城/盟重屠夫	3	355	329	盟重屠夫	0	11	0	0	0	0	0
盟重土城/盟重药店老板	3	361	335	盟重药店老板	0	1	0	0	0	0	0
盟重土城/盟重书店老板	0161	11	16	盟重书店老板	0	2	0	0	0	0	0
网络刑天制作/游戏助理	3	340	333	盟重传送员	0	8	0	0	0	0	0
盟重土城/盟重彩票员	3	284	343	盟重彩票员	0	3	0	0	0	0	1
盟重土城/老人	E603	31	191	老人	0	9	0	0	0	0	1
盟重土城/盟重老兵	3	325	321	盟重老兵	0	1	0	0	0	0	1
沙巴克/沙巴克铁匠铺	0151	3	19	沙巴克铁匠铺	0	0	1	0	0	0	1
沙巴克/沙巴克武器铺	0151	7	14	沙巴克武器铺	0	0	1	0	0	0	1
沙巴克/沙巴克布衣店	0155	13	7	沙巴克布衣店	0	7	1	0	0	0	1
沙巴克/沙巴克头盔店	0155	9	11	沙巴克头盔店	0	5	1	0	0	0	1
沙巴克/沙巴克炼药老板	0153	7	14	沙巴克炼药老板	0	9	1	0	0	0	1
沙巴克/沙巴克药店	0153	14	7	沙巴克药店	0	1	1	0	0	0	1
沙巴克/沙巴克仓库	0152	7	12	沙巴克仓库	0	12	1	0	0	0	1
沙巴克/沙巴克小贩	3	663	304	沙巴克小贩	0	3	1	0	0	0	1
沙巴克/沙巴克手镯店	0154	14	7	沙巴克手镯店	0	6	1	0	0	0	1
沙巴克/沙巴克项链店	0154	3	18	沙巴克项链店	0	6	1	0	0	0	1
沙巴克/沙巴克戒指店	0154	10	15	沙巴克戒指店	0	5	1	0	0	0	1
沙巴克炼武器	0151	12	10	沙巴克炼武器	0	0	1	0	0	0	1
特殊NPC/蜈蚣洞服装小贩	D608	30	22	蜈蚣洞服装小贩	0	3	0	0	0	0	1
特殊NPC/祖玛阁药品小贩	D5063	62	36	祖玛阁药品小贩	0	1	0	0	0	0	1
特殊NPC/石墓阵武器店	D71650	23	27	石墓阵武器店	0	0	0	0	0	0	1
特殊NPC/石墓阵服装店	D71651	23	27	石墓阵服装店	0	7	0	0	0	0	1
特殊NPC/石墓阵药品店	D71653	23	27	石墓阵药品店	0	3	0	0	0	0	1
特殊NPC/石墓阵首饰店	D71652	23	27	石墓阵首饰店	0	5	0	0	0	0	1
特殊NPC/特殊商人	0126	10	10	特殊商人	0	9	0	0	0	0	1
特殊NPC/宫殿商人	0152	4	15	宫殿商人	0	9	1	0	0	0	1
特殊NPC/东方商人	0146	4	11	东方商人	0	9	0	0	0	0	1
特殊NPC/神秘老人	2	515	464	神秘老人	0	9	0	0	0	0	1
特殊NPC/踏云尊者	0113	8	8	踏云尊者	0	14	0	0	0	0	1
特殊NPC/论武尊	R001	100	93	论武尊	0	15	0	0	0	0	1
特殊NPC/沃玛铁匠	1	314	72	沃玛铁匠	0	0	0	0	0	0	1
特殊NPC/沃玛商人	1	309	81	沃玛商人	0	4	0	0	0	0	1
特殊NPC/沃玛老人	1	235	305	沃玛老人	0	9	0	0	0	0	1
特殊NPC/森林老人	1	96	290	森林老人	0	3	0	0	0	0	1
特殊NPC/仓库保管员	D002	174	216	仓库保管员	0	3	0	0	0	0	1
特殊NPC/刘老头	D002	187	214	刘老头	0	9	0	0	0	0	1
特殊NPC/洞穴不法小贩	DM001	4	6	洞穴不法小贩	0	9	0	0	0	0	1
特殊NPC/屠夫	3	659	301	屠夫	0	1	1	0	0	0	1
特殊NPC/暗道	H010	371	377	神秘老人	0	9	0	0	0	0	1
特殊NPC/神秘老人	0150	16	8	神秘老人一	0	9	0	0	0	0	1
特殊NPC/神秘老人	H201	10	100	神秘老人二	0	9	0	0	0	0	1
特殊NPC/幻境小贩	H203	21	17	影之道幻境小贩	0	3	0	0	0	0	1
特殊NPC/仓库保管员	H203	18	20	影之道保管员	0	9	0	0	0	0	1
特殊NPC/神秘老人	H204	54	52	神秘老人三	0	9	0	0	0	0	1
白日门/白日门武器店	1001	14	12	白日门武器店	0	15	0	0	0	0	1
白日门/白日门杂货店	1007	11	14	白日门杂货店	0	17	0	0	0	0	1
白日门/白日门首饰店	1005	9	11	白日门首饰店	0	20	0	0	0	0	1
白日门/白日门服装店	1003	13	16	白日门服装店	0	23	0	0	0	0	1
白日门/白日门药店老板	1006	9	10	白日门药店老板	0	22	0	0	0	0	1
白日门/白日门药剂师	1006	12	7	白日门药剂师	0	25	0	0	0	0	1
白日门/白日门书店老板	1004	9	11	白日门书店老板	0	18	0	0	0	0	1
白日门/白日门保管员	11	184	296	白日门保管员	0	18	0	0	0	0	1
白日门/白日门向导	11	186	298	白日门向导	0	15	0	0	0	0	1
白日门/白日门天尊	1002	14	13	白日门天尊	0	14	0	0	0	0	1
白日门/游戏助理	11	185	323	游戏助理	0	5	0	0	0	0	1
白日门/白日门勇士	D1002	266	49	白日门勇士	0	15	0	0	0	0	1
白日门/白日门勇士	D1004	67	230	白日门勇士	0	15	0	0	0	0	1
封魔谷/沃玛教主	b341	17	22	沃玛教主	0	27	0	0	0	0	1
封魔谷/恶魔老兵	4	238	194	恶魔老兵	0	29	0	0	0	0	1
封魔谷/恶魔杂货匠	4	255	224	恶魔杂货匠	0	17	0	0	0	0	1
封魔谷/恶魔屠夫	4	243	187	恶魔屠夫	0	11	0	0	0	0	1
封魔谷/恶魔铁匠	4	227	223	恶魔铁匠	0	30	0	0	0	0	1
封魔谷/恶魔首饰店老板	b344	13	10	恶魔首饰店老板	0	31	0	0	0	0	1
封魔谷/恶魔保管员	b347	9	10	恶魔保管员	0	10	0	0	0	0	1
封魔谷/恶魔布店老板	b345	12	10	恶魔布店老板	0	32	0	0	0	0	1
封魔谷/恶魔学者	b343	5	18	恶魔学者	0	30	0	0	0	0	1
封魔谷/恶魔炼药师	b343	15	9	恶魔炼药师	0	22	0	0	0	0	1
封魔谷/恶魔药剂师	b343	9	13	恶魔药剂师	0	28	0	0	0	0	1
封魔谷/恶魔铁匠铺老板	b342	14	7	恶魔铁匠铺老板	0	30	0	0	0	0	1
封魔谷/恶魔修理师	d2008	31	24	恶魔修理师	0	30	0	0	0	0	1
封魔谷/红娘	M101	29	32	红娘	0	12	0	0	0	0	1
封魔谷/游戏助理	4	235	200	游戏助理	0	5	0	0	0	0	1
苍月岛/海岛老兵	5	139	326	海岛老兵	0	1	0	0	0	0	1
苍月岛/苍月岛杂货店老板	5	137	312	苍月岛杂货店老	0	3	0	0	0	0	1
苍月岛/苍月岛书店老板	5	155	297	苍月岛书店老板	0	2	0	0	0	0	1
苍月岛/苍月岛武器店老板	5	129	306	苍月岛武器店老	0	0	0	0	0	0	1
苍月岛/苍月岛首饰店老板	5	155	339	苍月岛首饰店老	0	4	0	0	0	0	1
苍月岛/苍月岛布料店老板	5	147	328	苍月岛布料店老	0	7	0	0	0	0	1
苍月岛/苍月岛仓库保管员	5	126	332	苍月岛仓库保管	0	12	0	0	0	0	1
苍月岛/苍月岛药店老板	5	148	352	苍月岛药店老板	0	9	0	0	0	0	1
苍月岛/苍月岛药剂师	5	161	316	苍月岛药剂师	0	9	0	0	0	0	1
苍月岛/苍月岛药店老板	B356	14	11	苍月岛药店老板	0	9	0	0	0	0	1
地下宫殿/仓库管理	H007A	161	179	仓库管理员	0	1	1	0	0	0	1
地下宫殿/宫殿小贩	H007A	169	171	宫殿小贩	0	3	1	0	0	0	1
地下宫殿/宫殿商人	T1061A	17	22	宫殿商人	0	17	0	0	0	0	1
地下宫殿/地下城守卫	T1061A	20	24	地下城守卫	0	15	0	0	0	0	1
魔龙城/杂货店	6	138	154	魔龙城杂货店	0	17	0	0	0	0	1
魔龙城/药店	6	129	143	魔龙城药店	0	22	0	0	0	0	1
魔龙城/武器店	6	106	136	魔龙城武器店	0	29	0	0	0	0	1
魔龙城/首饰店	6	113	126	魔龙城首饰店	0	20	0	0	0	0	1
魔龙城/守卫	6	115	148	魔龙城守卫	0	32	0	0	0	0	1
魔龙城/服装店	6	108	162	魔龙城服装店	0	20	0	0	0	0	1
魔龙城/老兵	6	123	156	魔龙城老兵	0	27	0	0	0	0	1
魔龙城/保管员	6	95	155	魔龙城保管员	0	12	0	0	0	0	1
魔龙城/向导	63	254	40	魔龙城向导	0	27	0	0	0	0	1
魔龙城/仓库	63	256	42	魔龙城保管员	0	12	0	0	0	0	1
幸运/新手刷怪	0	215	631	点我刷怪	0	15	0	0	0	0	1
幸运/1	dlhd1	50	50	进入下层	0	96	0	0	0	0	1
幸运/2	dlhd2	51	44	进入下层	0	96	0	0	0	0	1
幸运/3	dlhd3	15	14	进入下层	0	96	0	0	0	0	1
;幸运/通天塔	3	349	324	玲珑宝塔	0	119	0	0	0	0	1
幸运/通天塔/1	TT1	34	34	进入下层	0	94	0	0	0	0	1
幸运/通天塔/2	TT2	34	34	进入下层	0	94	0	0	0	0	1
幸运/通天塔/3	TT3	34	34	进入下层	0	95	0	0	0	0	1
幸运/通天塔/4	TT4	34	34	进入下层	0	95	0	0	0	0	1
幸运/通天塔/5	TT5	34	34	进入下层	0	96	0	0	0	0	1
幸运/通天塔/6	TT6	34	34	进入下层	0	96	0	0	0	0	1
幸运/通天塔/7	TT7	34	34	进入下层	0	97	0	0	0	0	1
幸运/通天塔/8	TT8	34	34	进入下层	0	97	0	0	0	0	1
幸运/通天塔/9	TT9	34	34	进入下层	0	98	0	0	0	0	1
幸运/通天塔/10	TT10	34	34	进入下层	0	98	0	0	0	0	1
幸运/通天塔/11	TT11	34	34	进入下层	0	95	0	0	0	0	1
幸运/通天塔/12	TT12	34	34	进入下层	0	94	0	0	0	0	1
幸运/通天塔/13	TT13	34	34	进入下层	0	95	0	0	0	0	1
幸运/通天塔/14	TT14	34	34	进入下层	0	94	0	0	0	0	1
幸运/通天塔/15	TT15	34	34	进入下层	0	95	0	0	0	0	1
幸运/通天塔/16	TT16	34	34	进入下层	0	94	0	0	0	0	1
幸运/通天塔/17	TT17	34	34	进入下层	0	95	0	0	0	0	1
幸运/通天塔/18	TT18	34	34	进入下层	0	94	0	0	0	0	1
幸运/通天塔/19	TT19	34	34	进入下层	0	95	0	0	0	0	1
幸运/通天塔/20	TT20	34	34	领取奖励	0	94	0	0	0	0	1
天堂二层	sanren1	25	26	天堂二层	0	95	0	0	0	0	1
进入皇陵二层	dxhl01	50	50	进入皇陵二层	0	98	0	0	0	0	1
进入皇陵三层	dxhl02	255	255	进入皇陵三层	0	98	0	0	0	0	1
地下练级/地下练级   3	338	340	地下练级	0	15	0	0	0	0	0
地下练级/包厢服务员   baoxiang01	15	14	包厢服务员	0	8	0	0	0	0	0
地下练级/包厢服务员   baoxiang02	15	14	包厢服务员	0	8	0	0	0	0	0
地下练级/包厢服务员   baoxiang03	15	14	包厢服务员	0	8	0	0	0	0	0
地下练级/包厢服务员   baoxiang04	15	14	包厢服务员	0	8	0	0	0	0	0
地下练级/包厢服务员   baoxiang05	15	14	包厢服务员	0	8	0	0	0	0	0
地下练级/包厢服务员   baoxiang06	15	14	包厢服务员	0	8	0	0	0	0	0
地下练级/包厢服务员   baoxiang07	15	14	包厢服务员	0	8	0	0	0	0	0
地下练级/包厢服务员   baoxiang08	15	14	包厢服务员	0	8	0	0	0	0	0
地下练级/包厢服务员   baoxiang09	15	14	包厢服务员	0	8	0	0	0	0	0
地下练级/包厢服务员   baoxiang10	15	14	包厢服务员	0	8	0	0	0	0	0
地下练级/包厢服务员   baoxiang11	15	14	包厢服务员	0	8	0	0	0	0	0
地下练级/包厢服务员   baoxiang12	15	14	包厢服务员	0	8	0	0	0	0	0
地下练级/包厢服务员   baoxiang13	15	14	包厢服务员	0	8	0	0	0	0	0
地下练级/包厢服务员   baoxiang14	15	14	包厢服务员	0	8	0	0	0	0	0
地下练级/包厢服务员   baoxiang15	15	14	包厢服务员	0	8	0	0	0	0	0
地下练级/包厢服务员   baoxiang16	15	14	包厢服务员	0	8	0	0	0	0	0      












;REDPAY
元宝充值使者 3 343 338 元宝充值使者 0 12 0 0 0 0 10
元宝充值使者 0 332 264 元宝充值使者 0 12 0 0 0 0 10
;ENDPAY

