;地图 x y 名称 范围 数量 时间 集中刷几率(0~100) 刷新模式(0~1) 集中点X 集中点Y
;代码	X	Y	名称	范围	数量	时间
;━━━━━━━━━━━━━━━━━━━━━━━━━━━━━━━━
;地图名：新手打宝

xinrend	25	29	稻草人		50	60	1
xinrend	25	29	稻草人		50	60	1
xinrend	25	29	稻草人		50	60	1
xinrend	25	29	稻草人		50	60	1
xinrend	25	19	稻草人		50	60	1
xinrend	15	29	稻草人		50	60	1
;━━━━━━━━━━━━━━━━━━━━━━━━━━━━━━━━ 
0111	6	13	练功师	0	1	1
0111	9	16	练功师	0	1	1
0111	12	13	练功师	0	1	1
0111	9	10	练功师	0	1	1
0       214     628     稻草人          20      50     1
0       226     633     稻草人          20      50     1
0       208     639     稻草人          20      50     1
0       212     621     稻草人          20      50     1
0	665	86	弓箭守卫	0	1	1
0	672	93	弓箭守卫	0	1	1
2	417	558	弓箭守卫	0	1	1
2	416	559	弓箭守卫	0	1	1
2	423	566	弓箭守卫	0	1	1
2	424	565	弓箭守卫	0	1	1
0	340	513	弓箭守卫	0	1	1
0	341	514	弓箭守卫	0	1	1
0	367	487	弓箭守卫	0	1	1
0	368	488	弓箭守卫	0	1	1
0	318	244	弓箭守卫	0	1	1
0	300	207	弓箭守卫	0	1	1
0	310	227	弓箭守卫	0	1	1
0	313	230	弓箭守卫	0	1	1
0	309	286	弓箭守卫	0	1	1
0	329	289	弓箭守卫	0	1	1
0	355	280	弓箭守卫	0	1	1
0	362	301	弓箭守卫	0	1	1
0	374	291	弓箭守卫	0	1	1
3	325	311	弓箭守卫	0	1	1
3	348	332	弓箭守卫	0	1	1
3	296	334	弓箭守卫	0	1	1
3	302	340	弓箭守卫	0	1	1
3	305	290	弓箭守卫	0	1	1
3	288	305	弓箭守卫	0	1	1
3	302	370	弓箭守卫	0	1	1
3	334	318	弓箭守卫	0	1	1
2	510	479	弓箭守卫	0	1	1
0	567	621	弓箭守卫	0	1	1
0	600	576	弓箭守卫	0	1	1
0	662	558	弓箭守卫	0	1	1
0	320	36	弓箭守卫	0	1	1
0	327	42	弓箭守卫	0	1	1
1	566	544	弓箭守卫	0	1	1
1	555	544	弓箭守卫	0	1	1
3	273	743	弓箭守卫	0	1	1
3	274	744	弓箭守卫	0	1	1
3	512	770	弓箭守卫	0	1	1
3	519	777	弓箭守卫	0	1	1
2	292	60	弓箭守卫	0	1	1
2	298	65	弓箭守卫	0	1	1
2	552	80	弓箭守卫	0	1	1
2	560	88	弓箭守卫	0	1	1
1	46	39	弓箭守卫	0	1	1
1	52	33	弓箭守卫	0	1	1
5	136	336	弓箭守卫	0	1	1
5	131	301	弓箭守卫	0	1	1
5	140	362	弓箭守卫	0	1	1
5	169	352	弓箭守卫	0	1	1
5	164	357	弓箭守卫	0	1	1
5	122	334	弓箭守卫	0	1	1
5	143	324	弓箭守卫	0	1	1
11	43	480	弓箭守卫	0	1	1
11	49	474	弓箭守卫	0	1	1
11	353	246	弓箭守卫	0	1	1
11	357	243	弓箭守卫	0	1	1
12	327	468	弓箭守卫	0	1	1
12	320	474	弓箭守卫	0	1	1
E605	10	61	弓箭守卫	0	1	20
E605	15	68	弓箭守卫	0	1	20
D601	13	196	弓箭守卫	0	1	20
D601	7	201	弓箭守卫	0	1	20
E601	139	13	弓箭守卫	0	1	20
E601	138	12	弓箭守卫	0	1	20
D422	332	380	弓箭守卫	0	1	20
D422	328	384	弓箭守卫	0	1	20

;━━━━━━━━━━━━━━━━━━━━━━━━━━━━━━━━
;地图名：新手练级



0 214 628    稻草人              20    80    1
0 214 628    钉耙猫0              20    80    1
0 214 628    多钩猫              20   80    1
0 214 628    多钩猫0              20    80    1
0 214 628    钉耙猫              20    80    1


0 210 622    鸡              200    2   5
0 210 622    稻草人              2000   3    5
0 210 622    鹿              200    3    11
0 210 622    钉耙猫0              2000   3   5
0 210 622    多钩猫              2000    2   5
0 210 622    多钩猫0              2000    2    5
0 210 622    钉耙猫              2000    2    5


0 226 635    鸡              200    2   5
0 226 635    稻草人              2000    3    5
0 226 635    鹿              200    2   5
0 226 635    钉耙猫0              2000    2    5
0 226 635    多钩猫              2000    2    5
0 226 635    多钩猫0              2000    2    5
0 226 635    钉耙猫              2000    2    5


0 218 649    鸡              300    2    3
0 218 649    稻草人              4000    2    3
0 218 649    鹿              500    2    3
0 218 649    钉耙猫0              3000    2    3
0 218 649    多钩猫              4000    2    3
0 218 649    多钩猫0              5000    2    3
0 218 649    钉耙猫              4000    2    3


;━━━━━━━━━━━━━━━━━━━━━━━━━━━━━━━━	


;比奇大城内





;特殊


H007A	94	16	半兽人7	2	30	10
H007A	90	10	半兽人7	2	30	10
H007A	86	24	半兽人7	2	30	10
H007A	82	28	半兽人7	2	30	10
H007A	78	32	半兽人7	2	30	10
H007A	74	36	半兽人7	2	30	10
H007A	70	40	半兽人7	2	30	10
H007A	66	44	半兽人7	2	15	10
H007A	62	48	半兽人7	2	15	10
H007A	58	52	半兽人7	2	15	10
H007A	54	56	半兽人7	2	15	10
H007A	50	60	半兽人7	2	15	10
H007A	46	64	半兽人7	2	15	10
H007A	42	68	半兽人7	2	15	10
H007A	38	72	半兽人7	2	15	10
H007A	34	76	半兽人7	2	15	10
H007A	30	80	半兽人7	2	15	10
H007A	26	84	半兽人7	2	15	10
H007A	22	88	半兽人7	2	15	10
H007A	18	92	半兽人7	2	15	10
H007A	14	96	半兽人7	2	15	10
H007A	15	100	半兽人7	2	15	10
H007A	12	103	半兽人7	2	15	10
H007A	16	107	半兽人7	2	15	10
H007A	20	111	半兽人7	2	15	10
H007A	24	115	半兽人7	2	15	10
H007A	28	119	半兽人7	2	15	10
H007A	32	123	半兽人7	2	15	10
H007A	36	127	半兽人7	2	15	10
H007A	40	131	半兽人7	2	15	10
H007A	44	135	半兽人7	2	15	10
H007A	48	139	半兽人7	2	15	10
H007A	52	143	半兽人7	2	15	10
H007A	56	147	半兽人7	2	15	10
H007A	60	151	半兽人7	2	15	10
H007A	64	155	半兽人7	2	15	10
H007A	68	159	半兽人7	2	15	10
H007A	72	163	半兽人7	2	15	10
H007A	76	167	半兽人7	2	15	10
H007A	80	171	半兽人7	2	15	10
H007A	84	175	半兽人7	2	15	10
H007A	88	179	半兽人7	2	15	10
H007A	92	183	半兽人7	2	15	10
H007A	96	187	半兽人7	2	15	10
H007A	97	189	半兽人7	2	5	10
H007A	101	186	半兽人7	2	15	10
H007A	105	182	半兽人7	2	15	10
H007A	109	178	半兽人7	2	15	10
H007A	113	174	半兽人7	2	15	10
H007A	117	170	半兽人7	2	15	10
H007A	121	166	半兽人7	2	15	10
H007A	125	162	半兽人7	2	15	10
H007A	129	158	半兽人7	2	15	10
H007A	133	154	半兽人7	2	15	10
H007A	137	150	半兽人7	2	15	10
H007A	141	146	半兽人7	2	15	10
H007A	145	142	半兽人7	2	15	10
H007A	149	138	半兽人7	2	15	10
H007A	153	134	半兽人7	2	15	10
H007A	157	130	半兽人7	2	15	10
H007A	161	126	半兽人7	2	15	10
H007A	165	122	半兽人7	2	15	10
H007A	169	118	半兽人7	2	15	10
H007A	173	114	半兽人7	2	15	10
H007A	177	110	半兽人7	2	15	10
H007A	181	106	半兽人7	2	15	10
H007A	185	102	半兽人7	2	15	10
H007A	188	99	半兽人7	2	15	10
H007A	155	170	半兽人7	10	50	10
H007A	184	93	半兽人7	2	10	10
H007A	180	89	半兽人7	2	10	10
H007A	176	85	半兽人7	2	10	10
H007A	172	81	半兽人7	2	10	10
H007A	168	77	半兽人7	2	10	10
H007A	164	73	半兽人7	2	10	10
H007A	160	69	半兽人7	2	10	10
H007A	156	65	半兽人7	2	10	10
H007A	152	61	半兽人7	2	10	10
H007A	148	57	半兽人7	2	10	10
H007A	144	53	半兽人7	2	10	10
H007A	140	49	半兽人7	2	10	10
H007A	136	45	半兽人7	2	10	10
H007A	132	41	半兽人7	2	10	10
H007A	128	37	半兽人7	2	10	10
H007A	124	33	半兽人7	2	10	10
H007A	120	29	半兽人7	2	10	10
H007A	36	85	半兽战士7	2	10	10
H007A	40	89	半兽战士7	2	15	10
H007A	42	89	电僵王7	0	2	10
H007A	39	90	魔龙教主	0	1	60
H007A	36	93	半兽战士7	2	15	10
H007A	32	101	半兽战士7	2	15	10
H007A	36	105	半兽战士7	2	15	10
H007A	40	109	半兽战士7	2	15	10
H007A	44	113	半兽战士7	2	15	10
H007A	48	117	半兽战士7	2	15	10
H007A	52	121	半兽战士7	2	15	10
H007A	56	124	半兽战士7	2	15	10
H007A	60	129	半兽战士7	2	15	10
H007A	64	133	半兽战士7	2	15	10
H007A	68	137	半兽战士7	2	15	10
H007A	72	141	半兽战士7	2	15	10
H007A	76	145	半兽战士7	2	15	10
H007A	80	149	半兽战士7	2	15	10
H007A	84	153	半兽战士7	2	15	10
H007A	88	157	半兽战士7	2	15	10
H007A	92	161	半兽战士7	2	15	10
H007A	96	164	半兽战士7	2	15	10
H007A	101	167	半兽战士7	2	10	10
H007A	105	163	半兽战士7	2	10	10
H007A	109	159	半兽战士7	2	10	10
H007A	113	155	半兽战士7	2	10	10
H007A	117	151	半兽战士7	2	10	10
H007A	121	147	半兽战士7	2	10	10
H007A	125	143	半兽战士7	2	10	10
H007A	129	139	半兽战士7	2	10	10
H007A	133	135	半兽战士7	2	10	10
H007A	137	131	半兽战士7	2	10	10
H007A	141	127	半兽战士7	2	10	10
H007A	145	123	半兽战士7	2	10	10
H007A	149	119	半兽战士7	2	10	10
H007A	153	115	半兽战士7	2	10	10
H007A	157	111	半兽战士7	2	10	10
H007A	161	107	半兽战士7	2	10	10
H007A	165	104	半兽战士7	2	10	10
H007A	168	98	半兽战士7	2	10	10
H007A	164	93	半兽战士7	2	10	10
H007A	160	89	半兽战士7	2	10	10
H007A	156	85	半兽战士7	2	10	10
H007A	152	81	半兽战士7	2	10	10
H007A	148	77	半兽战士7	2	10	10
H007A	144	73	半兽战士7	2	10	10
H007A	140	69	半兽战士7	2	10	10
H007A	136	65	半兽战士7	2	10	10
H007A	132	61	半兽战士7	2	10	10
H007A	128	57	半兽战士7	2	10	10
H007A	124	53	半兽战士7	2	10	10
H007A	120	49	半兽战士7	2	10	10
H007A	116	45	半兽战士7	2	10	10
H007A	112	41	半兽战士7	2	10	10
H007A	108	37	半兽战士7	2	10	10
H007A	104	34	半兽战士7	2	10	10
H007A	101	30	半兽战士7	2	10	10
H007A	97	33	半兽战士7	2	10	10
H007A	93	37	半兽战士7	2	10	10
H007A	89	41	半兽战士7	2	10	10
H007A	85	45	半兽战士7	2	10	10
H007A	81	49	半兽战士7	2	10	10
H007A	77	53	半兽战士7	2	10	10
H007A	73	57	半兽战士7	2	10	10
H007A	69	60	暗之魔龙战将	0	1	120
H007A	83	60	电僵王7	0	2	10
H007A	69	61	半兽战士7	2	10	10
H007A	65	65	半兽战士7	2	10	10
H007A	61	69	半兽战士7	2	10	10
H007A	57	73	半兽战士7	2	10	10
H007A	83	61	恶灵僵尸7	2	15	10
H007A	85	64	恶灵僵尸7	2	15	10
H007A	81	69	恶灵僵尸7	2	15	10
H007A	77	73	恶灵僵尸7	2	15	10
H007A	73	77	恶灵僵尸7	2	15	10
H007A	69	81	恶灵僵尸7	2	15	10
H007A	65	85	恶灵僵尸7	2	15	10
H007A	61	89	恶灵僵尸7	2	15	10
H007A	57	93	恶灵僵尸7	2	15	10
H007A	53	97	恶灵僵尸7	2	15	10
H007A	57	103	恶灵僵尸7	2	15	10
H007A	61	107	恶灵僵尸7	2	15	10
H007A	65	111	恶灵僵尸7	2	15	10
H007A	69	115	恶灵僵尸7	2	15	10
H007A	73	119	恶灵僵尸7	2	15	10
H007A	77	123	恶灵僵尸7	2	15	10
H007A	81	127	恶灵僵尸7	2	15	10
H007A	85	131	恶灵僵尸7	2	15	10
H007A	89	135	恶灵僵尸7	2	15	10
H007A	93	139	恶灵僵尸7	2	15	10
H007A	97	143	恶灵僵尸7	2	15	10
H007A	101	147	恶灵僵尸7	2	15	10
H007A	105	143	恶灵僵尸7	2	15	10
H007A	109	139	恶灵僵尸7	2	15	10
H007A	113	135	恶灵僵尸7	2	15	10
H007A	117	131	恶灵僵尸7	2	15	10
H007A	121	127	恶灵僵尸7	2	15	10
H007A	125	123	恶灵僵尸7	2	15	10
H007A	129	119	恶灵僵尸7	2	15	10
H007A	133	115	恶灵僵尸7	2	15	10
H007A	137	111	恶灵僵尸7	2	15	10
H007A	141	107	恶灵僵尸7	2	15	10
H007A	145	103	恶灵僵尸7	2	15	10
H007A	149	99	恶灵僵尸7	2	10	10
H007A	145	95	恶灵僵尸7	2	10	10
H007A	141	91	恶灵僵尸7	2	10	10
H007A	137	87	恶灵僵尸7	2	10	10
H007A	133	83	恶灵僵尸7	2	10	10
H007A	129	79	恶灵僵尸7	2	10	10
H007A	125	75	恶灵僵尸7	2	10	10
H007A	121	71	恶灵僵尸7	2	10	10
H007A	117	67	恶灵僵尸7	2	10	10
H007A	113	63	恶灵僵尸7	2	10	10
H007A	109	59	恶灵僵尸7	2	10	10
H007A	105	55	恶灵僵尸7	2	10	10
H007A	101	51	恶灵僵尸7	2	10	10
H007A	101	49	电僵王7	0	2	10
H007A	97	52	恶灵僵尸7	2	10	10
H007A	93	56	恶灵僵尸7	2	10	10
H007A	89	60	恶灵僵尸7	2	10	10
H007A	118	107	骷髅长枪兵7	2	5	10
H007A	118	107	骷髅刀斧手7	2	8	10
H007A	114	111	骷髅长枪兵7	2	5	10
H007A	114	111	骷髅刀斧手7	2	8	10
H007A	110	115	骷髅长枪兵7	2	5	10
H007A	110	115	骷髅刀斧手7	2	8	10
H007A	106	119	骷髅长枪兵7	2	5	10
H007A	106	119	骷髅刀斧手7	2	8	10
H007A	100	125	骷髅刀斧手7	2	8	10
H007A	102	123	骷髅长枪兵7	2	5	10
H007A	102	123	骷髅长枪兵7	2	5	10
H007A	96	121	骷髅刀斧手7	2	8	10
H007A	96	121	骷髅长枪兵7	2	15	10
H007A	92	117	骷髅刀斧手7	2	8	10
H007A	92	117	骷髅长枪兵7	2	15	10
H007A	88	114	骷髅刀斧手7	2	8	10
H007A	88	114	骷髅长枪兵7	2	15	10
H007A	84	110	骷髅刀斧手7	2	8	10
H007A	84	110	骷髅长枪兵7	2	15	10
H007A	80	106	骷髅刀斧手7	2	8	10
H007A	80	106	骷髅长枪兵7	2	15	10
H007A	76	102	骷髅刀斧手7	2	8	10
H007A	76	102	骷髅长枪兵7	2	15	10
H007A	72	98	骷髅刀斧手7	2	8	10
H007A	72	98	骷髅长枪兵7	2	15	10
H007A	70	98	暗之魔龙力士	0	1	180
H007A	70	98	双头血魔	0	1	180
H007A	77	93	骷髅长枪兵7	0	10	10
H007A	77	93	骷髅刀斧手7	2	8	10
H007A	81	89	骷髅长枪兵7	2	15	10
H007A	81	89	骷髅刀斧手7	2	8	10
H007A	85	85	骷髅长枪兵7	2	15	10
H007A	85	85	骷髅刀斧手7	2	8	10
H007A	89	81	骷髅长枪兵7	2	15	10
H007A	89	81	骷髅刀斧手7	2	8	10
H007A	93	77	骷髅长枪兵7	2	15	10
H007A	93	77	骷髅刀斧手7	2	8	10
H007A	97	73	骷髅长枪兵7	2	15	10
H007A	97	73	骷髅刀斧手7	2	8	10
H007A	101	69	骷髅长枪兵7	2	15	10
H007A	101	69	骷髅刀斧手7	2	8	10
H007A	101	74	骷髅长枪兵7	2	5	10
H007A	113	78	骷髅刀斧手7	2	8	10
H007A	119	84	骷髅刀斧手7	2	8	10
H007A	125	90	骷髅刀斧手7	2	8	10
H007A	101	96	骷髅锤兵7	5	60	10
H007A	130	97	电僵王7	2	2	10
H007A	126	99	骷髅长枪兵7	2	5	10
H007A	126	99	骷髅刀斧手7	2	8	10
H007A	122	103	骷髅长枪兵7	2	5	10
H007A	122	103	骷髅刀斧手7	0	15	10
H007A	57	146	重装使者7	0	1	180
H007A	31	122	双头金刚	0	1	180
H007A	71	138	牛魔王	0	1	180
H007A	155	70	暗之魔龙教主	0	1	120
H007A	103	70	暗之魔龙巨蛾	0	1	180
H007A	94	16	半兽人7	2	20	20
H007A	90	20	半兽人7	2	20	20
H007A	86	24	半兽人7	2	20	20
H007A	82	28	半兽人7	2	20	20
H007A	78	32	半兽人7	2	20	20
H007A	74	36	半兽人7	2	20	20
H007A	70	40	半兽人7	2	20	20
H007A	66	44	半兽人7	2	20	20
H007A	62	48	半兽人7	2	20	20
H007A	58	52	半兽人7	2	20	20
H007A	54	56	半兽人7	2	20	20
H007A	50	60	半兽人7	2	20	20
H007A	46	64	半兽人7	2	20	20
H007A	42	68	半兽人7	2	20	20
H007A	38	72	半兽人7	2	20	20
H007A	34	76	半兽人7	2	20	20
H007A	20	80	半兽人7	2	20	20
H007A	26	84	半兽人7	2	20	20
H007A	22	88	半兽人7	2	20	20
H007A	18	92	半兽人7	2	20	20
H007A	14	96	半兽人7	2	20	20
H007A	10	100	半兽人7	2	20	20
H007A	12	103	半兽人7	2	20	20
H007A	16	107	半兽人7	2	30	20
H007A	20	111	半兽人7	2	30	20
H007A	24	115	半兽人7	2	30	20
H007A	28	119	半兽人7	2	30	20
H007A	32	123	半兽人7	2	30	20
H007A	36	127	半兽人7	2	30	20
H007A	40	131	半兽人7	2	30	20
H007A	44	135	半兽人7	2	30	20
H007A	48	139	半兽人7	2	30	20
H007A	52	143	半兽人7	2	30	20
H007A	56	147	半兽人7	2	30	20
H007A	60	151	半兽人7	2	30	20
H007A	64	155	半兽人7	2	30	20
H007A	68	159	半兽人7	2	30	20
H007A	72	163	半兽人7	2	30	20
H007A	76	167	半兽人7	2	30	20
H007A	80	171	半兽人7	2	30	20
H007A	84	175	半兽人7	2	30	20
H007A	88	179	半兽人7	2	30	20
H007A	92	183	半兽人7	2	30	20
H007A	96	187	半兽人7	2	30	20
H007A	97	189	半兽人7	2	25	20
H007A	101	186	半兽人7	2	30	20
H007A	105	182	半兽人7	2	30	20
H007A	109	178	半兽人7	2	30	20
H007A	113	174	半兽人7	2	30	20
H007A	117	170	半兽人7	2	30	20
H007A	121	166	半兽人7	2	30	20
H007A	125	162	半兽人7	2	30	20
H007A	129	158	半兽人7	2	30	20
H007A	133	154	半兽人7	2	30	20
H007A	137	150	半兽人7	2	30	20
H007A	141	146	半兽人7	2	30	20
H007A	145	142	半兽人7	2	30	20
H007A	149	138	半兽人7	2	30	20
H007A	153	134	半兽人7	2	30	20
H007A	157	130	半兽人7	2	30	20
H007A	161	126	半兽人7	2	30	20
H007A	165	122	半兽人7	2	30	20
H007A	169	118	半兽人7	2	30	20
H007A	173	114	半兽人7	2	30	20
H007A	177	110	半兽人7	2	30	20
H007A	181	106	半兽人7	2	30	20
H007A	185	102	半兽人7	2	30	20
H007A	188	99	半兽人7	2	30	20
H007A	155	170	半兽人7	10	100	30
H007A	184	93	半兽人7	2	15	20
H007A	180	89	半兽人7	2	15	30
H007A	176	85	半兽人7	2	15	20
H007A	172	81	半兽人7	2	15	20
H007A	168	77	半兽人7	2	15	20
H007A	164	73	半兽人7	2	15	20
H007A	160	69	半兽人7	2	15	20
H007A	156	65	半兽人7	2	15	20
H007A	152	61	半兽人7	2	15	20
H007A	148	57	半兽人7	2	15	20
H007A	144	53	半兽人7	2	15	20
H007A	140	49	半兽人7	2	15	20
H007A	136	45	半兽人7	2	15	20
H007A	132	41	半兽人7	2	15	20
H007A	128	37	半兽人7	2	15	20
H007A	124	33	半兽人7	2	15	20
H007A	120	29	半兽人7	2	15	20
H007A	36	85	半兽战士7	2	15	20
H007A	40	89	半兽战士7	2	30	20
H007A	36	93	半兽战士7	2	30	20
H007A	32	101	半兽战士7	2	30	20
H007A	36	105	半兽战士7	2	30	20
H007A	40	109	半兽战士7	2	30	20
H007A	44	113	半兽战士7	2	30	20
H007A	48	117	半兽战士7	2	30	20
H007A	52	121	半兽战士7	2	30	20
H007A	56	124	半兽战士7	2	30	20
H007A	60	129	半兽战士7	2	30	20
H007A	64	133	半兽战士7	2	30	20
H007A	68	137	半兽战士7	2	30	20
H007A	72	141	半兽战士7	2	30	20
H007A	76	145	半兽战士7	2	30	20
H007A	80	149	半兽战士7	2	30	20
H007A	84	153	半兽战士7	2	30	20
H007A	88	157	半兽战士7	2	30	20
H007A	92	161	半兽战士7	2	30	20
H007A	96	164	半兽战士7	2	30	20
H007A	101	167	半兽战士7	2	10	15
H007A	105	163	半兽战士7	2	10	10
H007A	109	109	半兽战士7	2	10	10
H007A	113	155	半兽战士7	2	10	10
H007A	117	151	半兽战士7	2	10	10
H007A	121	147	半兽战士7	2	10	10
H007A	125	143	半兽战士7	2	10	10
H007A	129	139	半兽战士7	2	10	10
H007A	133	135	半兽战士7	2	10	10
H007A	137	131	半兽战士7	2	10	10
H007A	141	127	半兽战士7	2	10	10
H007A	145	123	半兽战士7	2	10	10
H007A	149	119	半兽战士7	2	10	10
H007A	153	115	半兽战士7	2	10	10
H007A	157	111	半兽战士7	2	10	10
H007A	161	107	半兽战士7	2	10	10
H007A	165	104	半兽战士7	2	10	10
H007A	168	98	半兽战士7	2	15	20
H007A	164	93	半兽战士7	2	15	20
H007A	160	89	半兽战士7	2	15	20
H007A	156	85	半兽战士7	2	15	20
H007A	152	81	半兽战士7	2	15	20
H007A	148	77	半兽战士7	2	15	20
H007A	144	73	半兽战士7	2	15	20
H007A	140	69	半兽战士7	2	15	20
H007A	136	65	半兽战士7	2	15	20
H007A	132	61	半兽战士7	2	15	20
H007A	128	57	半兽战士7	2	15	20
H007A	124	53	半兽战士7	2	15	20
H007A	120	49	半兽战士7	2	15	20
H007A	116	45	半兽战士7	2	15	20
H007A	112	41	半兽战士7	2	15	20
H007A	108	37	半兽战士7	2	15	20
H007A	104	34	半兽战士7	2	15	20
H007A	101	30	半兽战士7	2	15	20
H007A	97	33	半兽战士7	2	15	20
H007A	93	37	半兽战士7	2	15	20
H007A	89	41	半兽战士7	2	15	20
H007A	85	45	半兽战士7	2	15	20
H007A	81	49	半兽战士7	2	15	20
H007A	77	53	半兽战士7	2	15	20
H007A	73	57	半兽战士7	2	15	20
H007A	69	61	半兽战士7	2	15	20
H007A	65	65	半兽战士7	2	15	20
H007A	61	69	半兽战士7	2	15	20
H007A	57	73	半兽战士7	2	15	20
H007A	83	61	恶灵僵尸7	2	30	20
H007A	85	64	恶灵僵尸7	2	30	20
H007A	81	69	恶灵僵尸7	2	30	20
H007A	77	73	恶灵僵尸7	2	30	20
H007A	73	77	恶灵僵尸7	2	30	20
H007A	69	81	恶灵僵尸7	2	30	20
H007A	65	85	恶灵僵尸7	2	30	20
H007A	61	89	恶灵僵尸7	2	30	20
H007A	57	93	恶灵僵尸7	2	30	20
H007A	53	97	恶灵僵尸7	2	30	20
H007A	57	103	恶灵僵尸7	2	30	20
H007A	61	107	恶灵僵尸7	2	30	20
H007A	65	111	恶灵僵尸7	2	30	20
H007A	69	115	恶灵僵尸7	2	30	20
H007A	73	119	恶灵僵尸7	2	30	20
H007A	77	123	恶灵僵尸7	2	30	20
H007A	81	127	恶灵僵尸7	2	30	20
H007A	85	131	恶灵僵尸7	2	30	20
H007A	89	135	恶灵僵尸7	2	30	20
H007A	93	139	恶灵僵尸7	2	30	20
H007A	97	143	恶灵僵尸7	2	30	20
H007A	101	147	恶灵僵尸7	2	30	20
H007A	105	143	恶灵僵尸7	2	30	20
H007A	109	139	恶灵僵尸7	2	30	20
H007A	113	135	恶灵僵尸7	2	30	20
H007A	117	131	恶灵僵尸7	2	30	20
H007A	121	127	恶灵僵尸7	2	30	20
H007A	125	123	恶灵僵尸7	2	30	20
H007A	129	119	恶灵僵尸7	2	30	20
H007A	133	115	恶灵僵尸7	2	30	20
H007A	137	111	恶灵僵尸7	2	30	20
H007A	141	107	恶灵僵尸7	2	30	20
H007A	145	103	恶灵僵尸7	2	30	20
H007A	149	99	恶灵僵尸7	2	15	20
H007A	145	95	恶灵僵尸7	2	15	20
H007A	141	91	恶灵僵尸7	2	15	20
H007A	137	87	恶灵僵尸7	2	15	20
H007A	133	83	恶灵僵尸7	2	15	20
H007A	129	79	恶灵僵尸7	2	15	20
H007A	125	75	恶灵僵尸7	2	15	20
H007A	121	71	恶灵僵尸7	2	15	20
H007A	117	67	恶灵僵尸7	2	15	20
H007A	113	63	恶灵僵尸7	2	15	20
H007A	109	59	恶灵僵尸7	2	15	20
H007A	105	55	恶灵僵尸7	2	15	20
H007A	101	51	恶灵僵尸7	2	15	20
H007A	97	52	恶灵僵尸7	2	15	20
H007A	93	56	恶灵僵尸7	2	15	20
H007A	89	60	恶灵僵尸7	2	15	20
H007A	118	107	骷髅长枪兵7	2	15	20
H007A	118	107	骷髅刀斧手7	2	8	20
H007A	114	111	骷髅长枪兵7	2	15	20
H007A	114	111	骷髅刀斧手7	2	8	20
H007A	110	115	骷髅长枪兵7	2	15	20
H007A	110	115	骷髅刀斧手7	2	8	20
H007A	106	119	骷髅长枪兵7	2	15	20
H007A	106	119	骷髅刀斧手7	2	8	20
H007A	100	125	骷髅刀斧手7	2	8	20
H007A	102	123	骷髅长枪兵7	2	15	20
H007A	102	123	骷髅长枪兵7	2	15	20
H007A	96	121	骷髅刀斧手7	2	8	20
H007A	96	121	骷髅长枪兵7	2	15	20
H007A	92	117	骷髅刀斧手7	2	8	20
H007A	92	117	骷髅长枪兵7	2	15	20
H007A	88	114	骷髅刀斧手7	2	8	20
H007A	88	114	骷髅长枪兵7	2	15	20
H007A	84	110	骷髅刀斧手7	2	8	20
H007A	84	110	骷髅长枪兵7	2	15	20
H007A	80	106	骷髅刀斧手7	2	8	20
H007A	80	106	骷髅长枪兵7	2	15	20
H007A	76	102	骷髅刀斧手7	2	8	20
H007A	76	102	骷髅长枪兵7	2	15	20
H007A	72	98	骷髅刀斧手7	2	8	20
H007A	72	98	骷髅长枪兵7	2	15	20
H007A	77	93	骷髅长枪兵7	2	15	20
H007A	77	93	骷髅刀斧手7	2	8	20
H007A	81	89	骷髅长枪兵7	2	15	20
H007A	81	89	骷髅刀斧手7	2	8	20
H007A	85	85	骷髅长枪兵7	2	15	20
H007A	85	85	骷髅刀斧手7	2	8	20
H007A	89	81	骷髅长枪兵7	2	15	20
H007A	89	81	骷髅刀斧手7	2	8	20
H007A	93	77	骷髅长枪兵7	2	15	20
H007A	93	77	骷髅刀斧手7	2	8	20
H007A	97	73	骷髅长枪兵7	2	15	20
H007A	97	73	骷髅刀斧手7	2	8	20
H007A	101	69	骷髅长枪兵7	2	15	20
H007A	101	69	骷髅刀斧手7	2	8	20
H007A	101	74	骷髅长枪兵7	2	5	10
H007A	113	78	骷髅刀斧手7	2	8	20
H007A	119	84	骷髅刀斧手7	2	8	20
H007A	125	90	骷髅刀斧手7	2	8	20
H007A	101	96	骷髅锤兵7	5	60	10
H007A	126	99	骷髅长枪兵7	2	5	10
H007A	126	99	骷髅刀斧手7	2	8	20
H007A	122	103	骷髅长枪兵7	2	5	10
H007A	122	103	骷髅刀斧手7	2	8	20



;========================================================================
;地下练级
H008A	65	157	重装使者7	5	1	180
H008A	70	98	双头血魔	2	1	60
H008A	47	139	双头金刚	4	1	60
H008A	70	98	暗之魔龙力士	2	1	60
H008A	80	50	暗之魔龙战将	2	1	60
H008A	155	170	暗之魔龙巨蛾	2	1	60
H008A	70	98	牛魔王	10	1	60
H008A	25	25	暗之魔龙教主	10	1	120
H008A	25	30	暗之双头血魔	10	1	60
H008A	25	30	暗之双头金刚	10	1	60
H008A	25	30	暗之黄泉脚注	10	1	60
H008A	25	30	暗之骷髅精灵	10	1	60
H008A	25	30	暗之虹魔脚注	10	1	60
H008A	30	25	暗之沃玛教主	10	1	60
H008A	30	25	魔龙教主	10	1	120
H008A	30	25	暗之牛魔王	10	1	60
H008A	30	25	地藏王	10	1	60
H008A	30	25	月魔蜘蛛	10	10	30
H008A1  20      22      半兽人7         100     200     1
H008A2  20      22      半兽人7         100     200     1
H008A3  20      22      半兽人7         100     200     1
H008A4  20      22      半兽人7         100     200     1
H008A5  20      22      半兽人7         100     200     1
H008A6  20      22      半兽人7         100     200     1
;======================================================================


;沃玛寺庙一层
D022	250	250	粪虫	250	120	9
D022	250	250	沃玛战士	250	140	9
D022	250	250	沃玛勇士	250	90	9
D022	250	250	沃玛战将	250	90	9
D022	250	250	火焰沃玛	250	60	9
D022	200	200	沃玛卫士	200	2	120
D022	250	250	山洞蝙蝠	250	10	9
D022	250	250	山洞蝙蝠	250	10	9
D022	250	250	山洞蝙蝠	250	10	9
D022	250	250	山洞蝙蝠	250	10	9
D022	250	250	山洞蝙蝠	250	10	9
D022	250	250	山洞蝙蝠	250	10	9
D022	250	250	山洞蝙蝠	250	10	9
D022	250	250	山洞蝙蝠	250	10	9
;特殊
D022	250	250	沃玛战士0	250	2	10
D022	250	250	沃玛勇士0	250	2	10
D022	250	250	沃玛战将0	250	2	10	
D022	250	250	火焰沃玛0	250	2	10
D022	250	250	山洞蝙蝠0	250	2	10
D022	250	250	山洞蝙蝠0	250	2	10


;沃玛寺庙二层
D023	200	200	暗黑战士	200	100	9
D023	200	200	粪虫	200	60	9
D023	200	200	沃玛战士	200	80	9
D023	200	200	沃玛勇士	200	120	9
D023	200	200	沃玛战将	200	120	9
D023	200	200	火焰沃玛	200	80	9
D023	200	200	沃玛卫士	200	2	60
D023	200	200	山洞蝙蝠	200	20	9
D023	200	200	山洞蝙蝠	200	20	9
D023	200	200	山洞蝙蝠	200	20	9
D023	200	200	山洞蝙蝠	200	30	9
;特殊
D023	200	200	暗黑战士0	200	2	10
D023	200	200	沃玛战士0	200	2	10
D023	200	200	沃玛勇士0	200	2	10
D023	200	200	沃玛战将0	200	2	10
D023	200	200	火焰沃玛0	200	2	10
D023	200	200	山洞蝙蝠0	200	2	10


;沃玛寺庙大殿
D024	40	40	沃玛勇士	20	8	5
D024	40	40	沃玛战将	20	8	5
D024	40	40	火焰沃玛	20	8	5
D024	40	40	暗黑战士	20	8	5
D024	50	50	沃玛勇士	20	8	5
D024	50	50	沃玛战将	20	8	5
D024	50	50	火焰沃玛	20	8	5
D024	50	50	暗黑战士	20	8	5
D024	60	60	沃玛勇士	20	8	5
D024	60	60	沃玛战将	20	8	5
D024	60	60	火焰沃玛	20	8	5
D024	60	60	暗黑战士	20	8	5
D024	40	50	沃玛勇士	20	8	5
D024	40	50	沃玛战将	20	8	5
D024	40	50	火焰沃玛	20	8	5
D024	40	50	暗黑战士	20	8	5
D024	50	40	沃玛勇士	20	8	5
D024	50	40	沃玛战将	20	8	5
D024	50	40	火焰沃玛	20	8	5
D024	50	40	暗黑战士	20	8	5
D024	60	50	沃玛勇士	20	8	5
D024	60	50	沃玛战将	20	8	5
D024	60	50	火焰沃玛	20	8	5
D024	60	50	暗黑战士	20	8	5
D024	50	60	沃玛勇士	20	8	5
D024	50	60	沃玛战将	20	8	5
D024	50	60	火焰沃玛	20	8	5
D024	50	60	暗黑战士	20	8	5
D024	83	84	沃玛勇士	5	15	5
D024	83	84	沃玛战将	5	15	5
D024	83	84	火焰沃玛	5	15	5
D024	83	84	暗黑战士	5	15	5
D024	20	21	沃玛勇士	5	15	5
D024	20	21	沃玛战将	5	15	5
D024	20	21	火焰沃玛	5	15	5
D024	20	21	暗黑战士	5	15	5
;特殊
D024	42	49	暗黑战士0	30	2	10
D024	42	49	沃玛勇士0	30	2	15
D024	42	49	沃玛战将0	30	2	15
D024	42	49	火焰沃玛0	30	2	15
D024	50	50	沃玛卫士	30	1	60
D024	50	50	沃玛教主	20	1	120
D024	50	50	魔龙教主	20	1	60
D024	50	50      暗之魔龙教主	20	1	120








;祖玛阁
D5061	11	13	祖玛雕像	2	1	3
D5061	11	13	祖玛弓箭手	2	1	3
D5061	11	13	祖玛卫士	2	1	3
D5061	11	13	楔蛾	2	2	5
D5061	11	13	角蝇	2	1	5
D5061	37	13	祖玛雕像	2	1	37
D5061	37	13	祖玛弓箭手	2	1	3
D5061	37	13	祖玛卫士	2	1	3
D5061	37	13	楔蛾	2	2	5
D5061	37	13	角蝇	2	1	5
D5061	63	13	祖玛雕像	2	1	3
D5061	63	13	祖玛卫士	2	1	3
D5061	63	13	楔蛾	2	2	5
D5061	63	13	角蝇	2	1	5
D5061	63	13	祖玛弓箭手	2	1	3
D5061	88	14	祖玛雕像	2	1	3
D5061	88	14	祖玛卫士	2	1	3
D5061	88	14	楔蛾	2	2	5
D5061	88	14	角蝇	2	1	5
D5061	88	14	祖玛弓箭手	2	1	3
D5061	11	41	祖玛雕像	2	1	3
D5061	11	41	祖玛卫士	2	1	3
D5061	11	41	楔蛾	2	2	5
D5061	11	41	角蝇	2	1	5
D5061	11	41	祖玛弓箭手	2	1	3
D5061	37	41	祖玛卫士	2	1	3
D5061	37	41	祖玛雕像	2	1	3
D5061	37	41	楔蛾	2	2	5
D5061	37	41	角蝇	2	1	5
D5061	37	41	祖玛卫士	2	1	3
D5061	63	41	祖玛雕像	2	1	3
D5061	63	41	楔蛾	2	2	5
D5061	63	41	角蝇	2	1	5
D5061	63	41	祖玛弓箭手	2	1	3
D5061	63	41	祖玛卫士	2	1	3
D5061	89	41	祖玛雕像	2	1	3
D5061	89	41	祖玛卫士	2	1	3
D5061	89	41	楔蛾	2	2	5
D5061	89	41	角蝇	2	1	5
D5061	89	41	祖玛弓箭手	2	1	3
D5061	12	74	祖玛雕像	2	1	3
D5061	12	74	祖玛卫士	2	1	3
D5061	12	74	楔蛾	2	2	5
D5061	12	74	角蝇	2	1	5
D5061	12	74	祖玛弓箭手	2	1	3
D5061	37	73	祖玛雕像	2	1	3
D5061	37	73	祖玛卫士	2	1	3
D5061	37	73	楔蛾	2	2	5
D5061	37	73	角蝇	2	1	5
D5061	37	73	祖玛弓箭手	2	1	3
D5061	63	73	祖玛雕像	2	1	3
D5061	63	73	祖玛卫士	2	1	3
D5061	63	73	楔蛾	2	2	5
D5061	63	73	角蝇	2	1	5
D5061	63	73	祖玛弓箭手	2	1	3
D5061	87	73	祖玛雕像	2	1	3
D5061	87	73	祖玛卫士	2	1	3
D5061	87	73	楔蛾	2	2	5
D5061	87	73	角蝇	2	1	5
D5061	87	73	祖玛弓箭手	2	1	3
;特殊
D5061	50	50	祖玛雕像0	50	2	60
D5061	50	50	祖玛卫士0	50	2	60
D5061	50	50	祖玛弓箭手0	50	2	60

D5062	11	13	祖玛雕像	2	1	3
D5062	11	13	祖玛弓箭手	2	1	3
D5062	11	13	祖玛卫士	2	1	3
D5062	11	13	楔蛾	2	2	5
D5062	11	13	角蝇	2	1	5
D5062	37	13	祖玛雕像	2	1	3
D5062	37	13	祖玛弓箭手	2	1	3
D5062	37	13	祖玛卫士	2	1	3
D5062	37	13	楔蛾	2	2	5
D5062	37	13	角蝇	2	1	5
D5062	63	13	祖玛雕像	2	1	3
D5062	63	13	祖玛卫士	2	1	3
D5062	63	13	楔蛾	2	2	5
D5062	63	13	角蝇	2	1	5
D5062	63	13	祖玛弓箭手	2	1	3
D5062	88	14	祖玛雕像	2	1	3
D5062	88	14	祖玛卫士	2	1	3
D5062	88	14	楔蛾	2	2	5
D5062	88	14	角蝇	2	1	5
D5062	88	14	祖玛弓箭手	2	1	3
D5062	11	41	祖玛雕像	2	1	3
D5062	11	41	祖玛卫士	2	1	3
D5062	11	41	楔蛾	2	2	5
D5062	11	41	角蝇	2	1	5
D5062	11	41	祖玛弓箭手	2	1	3
D5062	37	41	祖玛卫士	2	1	3
D5062	37	41	祖玛雕像	2	1	3
D5062	37	41	楔蛾	2	2	5
D5062	37	41	角蝇	2	1	5
D5062	37	41	祖玛卫士	2	1	3
D5062	63	41	祖玛卫士	2	1	3
D5062	63	41	祖玛雕像	2	1	3
D5062	63	41	楔蛾	2	2	5
D5062	63	41	角蝇	2	1	5
D5062	63	41	祖玛弓箭手	2	2	3
D5062	89	41	祖玛雕像	2	1	3
D5062	89	41	祖玛卫士	2	1	3
D5062	89	41	楔蛾	2	2	5
D5062	89	41	角蝇	2	1	5
D5062	89	41	祖玛弓箭手	2	1	3
D5062	12	74	祖玛雕像	2	1	3
D5062	12	74	祖玛卫士	2	1	3
D5062	12	74	楔蛾	2	2	5
D5062	12	74	角蝇	2	1	5
D5062	12	74	祖玛弓箭手	2	1	3
D5062	37	73	祖玛雕像	2	1	3
D5062	37	73	祖玛卫士	2	1	3
D5062	37	73	楔蛾	2	2	5
D5062	37	73	角蝇	2	1	5
D5062	37	73	祖玛弓箭手	2	1	3
D5062	63	73	祖玛雕像	2	1	3
D5062	63	73	祖玛卫士	2	1	3
D5062	63	73	楔蛾	2	2	5
D5062	63	73	角蝇	2	1	5
D5062	63	73	祖玛弓箭手	2	1	3
D5062	87	73	祖玛雕像	2	1	3
D5062	87	73	祖玛卫士	2	1	3
D5062	87	73	楔蛾	2	2	5
D5062	87	73	角蝇	2	1	5
D5062	87	73	祖玛弓箭手	2	2	3
;特殊
D5062	50	50	祖玛雕像0	50	2	60
D5062	50	50	祖玛卫士0	50	2	60
D5062	50	50	祖玛弓箭手0	50	2	60

D5063	11	13	祖玛雕像	2	1	3
D5063	11	13	祖玛弓箭手	2	1	3
D5063	11	13	祖玛卫士	2	1	3
D5063	11	13	楔蛾	2	2	5
D5063	11	13	角蝇	2	1	5
D5063	37	13	祖玛雕像	2	1	3
D5063	37	13	祖玛弓箭手	2	1	3
D5063	37	13	祖玛卫士	2	1	3
D5063	37	13	楔蛾	2	2	5
D5063	37	13	角蝇	2	1	5
D5063	63	13	祖玛雕像	2	1	3
D5063	63	13	祖玛卫士	2	1	3
D5063	63	13	楔蛾	2	2	5
D5063	63	13	角蝇	2	1	5
D5063	63	13	祖玛弓箭手	2	1	3
D5063	88	14	祖玛雕像	2	1	3
D5063	88	14	祖玛卫士	2	1	3
D5063	88	14	楔蛾	2	2	5
D5063	88	14	角蝇	2	1	5
D5063	88	14	祖玛弓箭手	2	1	3
D5063	11	41	祖玛雕像	2	1	3
D5063	11	41	祖玛卫士	2	1	3
D5063	11	41	楔蛾	2	2	5
D5063	11	41	角蝇	2	1	5
D5063	11	41	祖玛弓箭手	2	1	3
D5063	37	41	祖玛卫士	2	1	3
D5063	37	41	祖玛雕像	2	1	3
D5063	37	41	楔蛾	2	2	5
D5063	37	41	角蝇	2	1	5
D5063	37	41	祖玛卫士	2	1	3
D5063	63	41	祖玛雕像	2	1	3
D5063	63	41	楔蛾	2	2	5
D5063	63	41	角蝇	2	1	5
D5063	63	41	祖玛弓箭手	2	1	3
D5063	63	41	祖玛卫士	2	1	3
D5063	89	41	祖玛雕像	2	1	3
D5063	89	41	祖玛卫士	2	1	3
D5063	89	41	楔蛾	2	2	5
D5063	89	41	角蝇	2	1	5
D5063	89	41	祖玛弓箭手	2	1	3
D5063	12	74	祖玛雕像	2	1	3
D5063	12	74	祖玛卫士	2	1	3
D5063	12	74	楔蛾	2	2	5
D5063	12	74	角蝇	2	1	5
D5063	12	74	祖玛弓箭手	2	1	3
D5063	37	73	祖玛雕像	2	1	3
D5063	37	73	祖玛卫士	2	1	3
D5063	37	73	楔蛾	2	2	5
D5063	37	73	角蝇	2	1	5
D5063	37	73	祖玛弓箭手	2	1	3
D5063	63	73	祖玛雕像	2	1	3
D5063	63	73	祖玛卫士	2	1	3
D5063	63	73	楔蛾	2	2	5
D5063	63	73	角蝇	2	1	5
D5063	63	73	祖玛弓箭手	2	1	3
D5063	87	73	祖玛雕像	2	1	3
D5063	87	73	祖玛卫士	2	1	3
D5063	87	73	楔蛾	2	2	5
D5063	87	73	角蝇	2	1	5
D5063	87	73	祖玛弓箭手	2	1	3
;特殊
D5063	50	50	祖玛雕像0	50	2	60
D5063	50	50	祖玛卫士0	50	2	60
D5063	50	50	祖玛弓箭手0	50	2	60

D5064	11	13	祖玛雕像	2	1	3
D5064	11	13	祖玛弓箭手	2	1	3
D5064	11	13	祖玛卫士	2	1	3
D5064	11	13	楔蛾	2	2	5
D5064	11	13	角蝇	2	1	5
D5064	37	13	祖玛雕像	2	1	3
D5064	37	13	祖玛弓箭手	2	1	3
D5064	37	13	祖玛卫士	2	1	3
D5064	37	13	楔蛾	2	2	5
D5064	37	13	角蝇	2	1	5
D5064	63	13	祖玛雕像	2	1	3
D5064	63	13	祖玛卫士	2	1	3
D5064	63	13	楔蛾	2	2	5
D5064	63	13	角蝇	2	1	5
D5064	63	13	祖玛弓箭手	2	1	3
D5064	88	14	祖玛雕像	2	1	3
D5064	88	14	祖玛卫士	2	1	3
D5064	88	14	楔蛾	2	2	5
D5064	88	14	角蝇	2	1	5
D5064	88	14	祖玛弓箭手	2	1	3
D5064	11	41	祖玛雕像	2	1	3
D5064	11	41	祖玛卫士	2	1	3
D5064	11	41	楔蛾	2	2	5
D5064	11	41	角蝇	2	1	5
D5064	11	41	祖玛弓箭手	2	1	3
D5064	37	41	祖玛卫士	2	1	3
D5064	37	41	祖玛雕像	2	1	3
D5064	37	41	楔蛾	2	2	5
D5064	37	41	角蝇	2	1	5
D5064	37	41	祖玛卫士	2	1	3
D5064	63	41	祖玛雕像	2	1	3
D5064	63	41	楔蛾	2	2	5
D5064	63	41	角蝇	2	1	5
D5064	63	41	祖玛弓箭手	2	1	3
D5064	63	41	祖玛卫士	2	1	3
D5064	89	41	祖玛雕像	2	1	3
D5064	89	41	祖玛卫士	2	1	3
D5064	89	41	楔蛾	2	2	5
D5064	89	41	角蝇	2	1	5
D5064	89	41	祖玛弓箭手	2	1	3
D5064	12	74	祖玛雕像	2	1	3
D5064	12	74	祖玛卫士	2	1	3
D5064	12	74	楔蛾	2	2	5
D5064	12	74	角蝇	2	1	5
D5064	12	74	祖玛弓箭手	2	1	3
D5064	37	73	祖玛雕像	2	1	3
D5064	37	73	祖玛卫士	2	1	3
D5064	37	73	楔蛾	2	2	5
D5064	37	73	角蝇	2	1	5
D5064	37	73	祖玛弓箭手	2	1	3
D5064	63	73	祖玛雕像	2	1	3
D5064	63	73	祖玛卫士	2	1	3
D5064	63	73	楔蛾	2	2	5
D5064	63	73	角蝇	2	1	5
D5064	63	73	祖玛弓箭手	2	1	3
D5064	87	73	祖玛雕像	2	1	3
D5064	87	73	祖玛卫士	2	1	3
D5064	87	73	楔蛾	2	2	5
D5064	87	73	角蝇	2	1	5
D5064	87	73	祖玛弓箭手	2	1	3
;特殊
D5064	50	50	祖玛雕像0	50	2	60
D5064	50	50	祖玛卫士0	50	2	60
D5064	50	50	祖玛弓箭手0	50	2	60

D5065	11	13	祖玛雕像	2	1	3
D5065	11	13	祖玛弓箭手	2	1	3
D5065	11	13	祖玛卫士	2	1	3
D5065	11	13	楔蛾	2	2	5
D5065	11	13	角蝇	2	1	5
D5065	37	13	祖玛雕像	2	1	3
D5065	37	13	祖玛弓箭手	2	1	3
D5065	37	13	祖玛卫士	2	1	3
D5065	37	13	楔蛾	2	2	5
D5065	37	13	角蝇	2	1	5
D5065	63	13	祖玛雕像	2	1	3
D5065	63	13	祖玛卫士	2	1	3
D5065	63	13	楔蛾	2	2	5
D5065	63	13	角蝇	2	1	5
D5065	63	13	祖玛弓箭手	2	1	3
D5065	88	14	祖玛雕像	2	1	3
D5065	88	14	祖玛卫士	2	1	3
D5065	88	14	楔蛾	2	2	5
D5065	88	14	角蝇	2	1	5
D5065	88	14	祖玛弓箭手	2	1	3
D5065	11	41	祖玛雕像	2	1	3
D5065	11	41	祖玛卫士	2	1	3
D5065	11	41	楔蛾	2	2	5
D5065	11	41	角蝇	2	1	5
D5065	11	41	祖玛弓箭手	2	1	3
D5065	37	41	祖玛卫士	2	1	3
D5065	37	41	祖玛雕像	2	1	3
D5065	37	41	楔蛾	2	2	5
D5065	37	41	角蝇	2	1	5
D5065	37	41	祖玛卫士	2	1	3
;D5065	63	41	祖玛雕像	2	1	3
;D5065	63	41	楔蛾	2	2	5
;D5065	63	41	角蝇	2	1	5
;D5065	63	41	祖玛弓箭手	2	1	3
D5065	89	41	祖玛雕像	2	1	3
D5065	63	41	祖玛卫士	2	1	3
D5065	89	41	祖玛卫士	2	1	3
D5065	89	41	楔蛾	2	2	5
D5065	89	41	角蝇	2	1	5
D5065	89	41	祖玛弓箭手	2	1	3
D5065	12	74	祖玛雕像	2	1	3
D5065	12	74	祖玛卫士	2	1	3
D5065	12	74	楔蛾	2	2	5
D5065	12	74	角蝇	2	1	5
D5065	12	74	祖玛弓箭手	2	1	3
D5065	37	73	祖玛雕像	2	1	3
D5065	37	73	祖玛卫士	2	1	3
D5065	37	73	楔蛾	2	2	5
D5065	37	73	角蝇	2	1	5
D5065	37	73	祖玛弓箭手	2	1	3
D5065	63	73	祖玛雕像	2	1	3
D5065	63	73	祖玛卫士	2	1	3
D5065	63	73	楔蛾	2	2	5
D5065	63	73	角蝇	2	1	5
D5065	63	73	祖玛弓箭手	2	1	3
D5065	87	73	祖玛雕像	2	1	3
D5065	87	73	祖玛卫士	2	1	3
D5065	87	73	楔蛾	2	2	5
D5065	87	73	角蝇	2	1	5
D5065	87	73	祖玛弓箭手	2	1	3
;特殊
D5065	50	50	祖玛雕像0	50	2	60
D5065	50	50	祖玛卫士0	50	2	60
D5065	50	50	祖玛弓箭手0	50	2	60

D5066	11	13	祖玛雕像	2	1	3
D5066	11	13	祖玛弓箭手	2	1	3
D5066	11	13	祖玛卫士	2	1	3
D5066	11	13	楔蛾	2	2	5
D5066	11	13	角蝇	2	1	5
D5066	37	13	祖玛雕像	2	1	3
D5066	37	13	祖玛弓箭手	2	1	3
D5066	37	13	祖玛卫士	2	1	3
D5066	37	13	楔蛾	2	2	5
D5066	37	13	角蝇	2	1	5
D5066	63	13	祖玛雕像	2	1	3
D5066	63	13	祖玛卫士	2	1	3
D5066	63	13	楔蛾	2	2	5
D5066	63	13	角蝇	2	1	5
D5066	63	13	祖玛弓箭手	2	1	3
D5066	88	14	祖玛雕像	2	1	3
D5066	88	14	祖玛卫士	2	1	3
D5066	88	14	楔蛾	2	2	5
D5066	88	14	角蝇	2	1	5
D5066	88	14	祖玛弓箭手	2	1	3
D5066	11	41	祖玛雕像	2	1	3
D5066	11	41	祖玛卫士	2	1	3
D5066	11	41	楔蛾	2	2	5
D5066	11	41	角蝇	2	1	5
D5066	11	41	祖玛弓箭手	2	1	3
D5066	37	41	祖玛卫士	2	1	3
D5066	37	41	祖玛雕像	2	1	3
D5066	37	41	楔蛾	2	2	5
D5066	37	41	角蝇	2	1	5
D5066	37	41	祖玛卫士	2	1	3
D5066	63	41	祖玛雕像	2	1	3
D5066	63	41	楔蛾	2	2	5
D5066	63	41	角蝇	2	1	5
D5066	63	41	祖玛弓箭手	2	1	3
D5066	89	41	祖玛雕像	2	1	3
D5066	63	41	祖玛卫士	2	1	3
D5066	89	41	祖玛卫士	2	1	3
D5066	89	41	楔蛾	2	2	5
D5066	89	41	角蝇	2	1	5
D5066	89	41	祖玛弓箭手	2	1	3
D5066	12	74	祖玛雕像	2	1	3
D5066	12	74	祖玛卫士	2	1	3
D5066	12	74	楔蛾	2	2	5
D5066	12	74	角蝇	2	1	5
D5066	12	74	祖玛弓箭手	2	1	3
D5066	37	73	祖玛雕像	2	1	3
D5066	37	73	祖玛卫士	2	1	3
D5066	37	73	楔蛾	2	2	5
D5066	37	73	角蝇	2	1	5
D5066	37	73	祖玛弓箭手	2	1	3
D5066	63	73	祖玛雕像	2	1	3
D5066	63	73	祖玛卫士	2	1	3
D5066	63	73	楔蛾	2	2	5
D5066	63	73	角蝇	2	1	5
D5066	63	73	祖玛弓箭手	2	1	3
D5066	87	73	祖玛雕像	2	1	3
D5066	87	73	祖玛卫士	2	1	3
D5066	87	73	楔蛾	2	2	5
D5066	87	73	角蝇	2	1	5
D5066	87	73	祖玛弓箭手	2	1	3
;特殊
D5066	50	50	祖玛雕像0	50	2	60
D5066	50	50	祖玛卫士0	50	2	60
D5066	50	50	祖玛弓箭手0	50	2	60

D5067	11	13	祖玛雕像	2	1	3
D5067	11	13	祖玛弓箭手	2	1	3
D5067	11	13	祖玛卫士	2	1	3
D5067	11	13	楔蛾	2	2	5
D5067	11	13	角蝇	2	1	5
D5067	37	13	祖玛雕像	2	1	3
D5067	37	13	祖玛弓箭手	2	1	3
D5067	37	13	祖玛卫士	2	1	3
D5067	37	13	楔蛾	2	2	5
D5067	37	13	角蝇	2	1	5
D5067	63	13	祖玛雕像	2	1	3
D5067	63	13	祖玛卫士	2	1	3
D5067	63	13	楔蛾	2	2	5
D5067	63	13	角蝇	2	1	5
D5067	63	13	祖玛弓箭手	2	1	3
D5067	88	14	祖玛雕像	2	1	3
D5067	88	14	祖玛卫士	2	1	3
D5067	88	14	楔蛾	2	2	5
D5067	88	14	角蝇	2	1	5
D5067	88	14	祖玛弓箭手	2	1	3
D5067	11	41	祖玛雕像	2	1	3
D5067	11	41	祖玛卫士	2	1	3
D5067	11	41	楔蛾	2	2	5
D5067	11	41	角蝇	2	1	5
D5067	11	41	祖玛弓箭手	2	1	3
D5067	37	41	祖玛卫士	2	1	3
D5067	37	41	祖玛雕像	2	1	3
D5067	37	41	楔蛾	2	2	5
D5067	37	41	角蝇	2	1	5
D5067	37	41	祖玛卫士	2	1	3
D5067	63	41	祖玛雕像	2	1	3
D5067	63	41	楔蛾	2	2	5
D5067	63	41	角蝇	2	1	5
D5067	63	41	祖玛弓箭手	2	1	3
D5067	89	41	祖玛雕像	2	1	3
D5067	63	41	祖玛卫士	2	1	3
D5067	89	41	祖玛卫士	2	1	3
D5067	89	41	楔蛾	2	2	5
D5067	89	41	角蝇	2	1	5
D5067	89	41	祖玛弓箭手	2	1	3
D5067	12	74	祖玛雕像	2	1	3
D5067	12	74	祖玛卫士	2	1	3
D5067	12	74	楔蛾	2	2	5
D5067	12	74	角蝇	2	1	5
D5067	12	74	祖玛弓箭手	2	1	3
D5067	37	73	祖玛雕像	2	1	3
D5067	37	73	祖玛卫士	2	1	3
D5067	37	73	楔蛾	2	2	5
D5067	37	73	角蝇	2	1	5
D5067	37	73	祖玛弓箭手	2	1	3
D5067	63	73	祖玛雕像	2	1	3
D5067	63	73	祖玛卫士	2	1	3
D5067	63	73	楔蛾	2	2	5
D5067	63	73	角蝇	2	1	5
D5067	63	73	祖玛弓箭手	2	1	3
D5067	87	73	祖玛雕像	2	1	3
D5067	87	73	祖玛卫士	2	1	3
D5067	87	73	楔蛾	2	2	5
D5067	87	73	角蝇	2	1	5
D5067	87	73	祖玛弓箭手	2	1	3
;特殊
D5067	50	50	祖玛雕像0	50	2	60
D5067	50	50	祖玛卫士0	50	2	60
D5067	50	50	祖玛弓箭手0	50	2	60

D5068	11	13	祖玛雕像	2	1	3
D5068	11	13	祖玛弓箭手	2	1	3
D5068	11	13	祖玛卫士	2	1	3
D5068	11	13	楔蛾	2	2	5
D5068	11	13	角蝇	2	1	5
D5068	37	13	祖玛雕像	2	1	3
D5068	37	13	祖玛弓箭手	2	1	3
D5068	37	13	祖玛卫士	2	1	3
D5068	37	13	楔蛾	2	2	5
D5068	37	13	角蝇	2	1	5
D5068	63	13	祖玛雕像	2	1	3
D5068	63	13	祖玛卫士	2	1	3
D5068	63	13	楔蛾	2	2	5
D5068	63	13	角蝇	2	1	5
D5068	63	13	祖玛弓箭手	2	1	3
D5068	88	14	祖玛雕像	2	1	3
D5068	88	14	祖玛卫士	2	1	3
D5068	88	14	楔蛾	2	2	5
D5068	88	14	角蝇	2	1	5
D5068	88	14	祖玛弓箭手	2	1	3
D5068	11	41	祖玛雕像	2	1	3
D5068	11	41	祖玛卫士	2	1	3
D5068	11	41	楔蛾	2	2	5
D5068	11	41	角蝇	2	1	5
D5068	11	41	祖玛弓箭手	2	1	3
D5068	37	41	祖玛卫士	2	1	3
D5068	37	41	祖玛雕像	2	1	3
D5068	37	41	楔蛾	2	2	5
D5068	37	41	角蝇	2	1	5
D5068	37	41	祖玛卫士	2	1	3
D5068	63	41	祖玛雕像	2	1	3
D5068	63	41	楔蛾	2	2	5
D5068	63	41	角蝇	2	1	5
D5068	63	41	祖玛弓箭手	2	1	3
D5068	89	41	祖玛雕像	2	1	3
D5068	63	41	祖玛卫士	2	1	3
D5068	89	41	祖玛卫士	2	1	3
D5068	89	41	楔蛾	2	2	5
D5068	89	41	角蝇	2	1	5
D5068	89	41	祖玛弓箭手	2	1	3
D5068	12	74	祖玛雕像	2	1	3
D5068	12	74	祖玛卫士	2	1	3
D5068	12	74	楔蛾	2	2	5
D5068	12	74	角蝇	2	1	5
D5068	12	74	祖玛弓箭手	2	1	3
D5068	37	73	祖玛雕像	2	1	3
D5068	37	73	祖玛卫士	2	1	3
D5068	37	73	楔蛾	2	2	5
D5068	37	73	角蝇	2	1	5
D5068	37	73	祖玛弓箭手	2	1	3
D5068	63	73	祖玛雕像	2	1	3
D5068	63	73	祖玛卫士	2	1	3
D5068	63	73	楔蛾	2	2	5
D5068	63	73	角蝇	2	1	5
D5068	63	73	祖玛弓箭手	2	1	3
D5068	87	73	祖玛雕像	2	1	3
D5068	87	73	祖玛卫士	2	1	3
D5068	87	73	楔蛾	2	2	5
D5068	87	73	角蝇	2	1	5
D5068	87	73	祖玛弓箭手	2	1	3
;特殊
D5068	50	50	祖玛雕像0	50	2	60
D5068	50	50	祖玛卫士0	50	2	60
D5068	50	50	祖玛弓箭手0	50	2	60

D5069	11	13	祖玛雕像	2	1	3
D5069	11	13	祖玛弓箭手	2	1	3
D5069	11	13	祖玛卫士	2	1	3
D5069	11	13	楔蛾	2	2	5
D5069	11	13	角蝇	2	1	5
D5069	37	13	祖玛雕像	2	1	3
D5069	37	13	祖玛弓箭手	2	1	3
D5069	37	13	祖玛卫士	2	1	3
D5069	37	13	楔蛾	2	2	5
D5069	37	13	角蝇	2	1	5
D5069	63	13	祖玛雕像	2	1	3
D5069	63	13	祖玛卫士	2	1	3
D5069	63	13	楔蛾	2	2	5
D5069	63	13	角蝇	2	1	5
D5069	63	13	祖玛弓箭手	2	1	3
D5069	88	14	祖玛雕像	2	1	3
D5069	88	14	祖玛卫士	2	1	3
D5069	88	14	楔蛾	2	2	5
D5069	88	14	角蝇	2	1	5
D5069	88	14	祖玛弓箭手	2	1	3
D5069	11	41	祖玛雕像	2	1	3
D5069	11	41	祖玛卫士	2	1	3
D5069	11	41	楔蛾	2	2	5
D5069	11	41	角蝇	2	1	5
D5069	11	41	祖玛弓箭手	2	1	3
D5069	37	41	祖玛卫士	2	1	3
D5069	37	41	祖玛雕像	2	1	3
D5069	37	41	楔蛾	2	2	5
D5069	37	41	角蝇	2	1	5
D5069	37	41	祖玛卫士	2	1	3
D5069	63	41	祖玛雕像	2	1	3
D5069	63	41	楔蛾	2	2	5
D5069	63	41	角蝇	2	1	5
D5069	63	41	祖玛弓箭手	2	1	3
D5069	89	41	祖玛雕像	2	1	3
D5069	63	41	祖玛卫士	2	1	3
D5069	89	41	祖玛卫士	2	1	3
D5069	89	41	楔蛾	2	2	5
D5069	89	41	角蝇	2	1	5
D5069	89	41	祖玛弓箭手	2	1	3
D5069	12	74	祖玛雕像	2	1	3
D5069	12	74	祖玛卫士	2	1	3
D5069	12	74	楔蛾	2	2	5
D5069	12	74	角蝇	2	1	5
D5069	12	74	祖玛弓箭手	2	1	3
D5069	37	73	祖玛雕像	2	1	3
D5069	37	73	祖玛卫士	2	1	3
D5069	37	73	楔蛾	2	2	5
D5069	37	73	角蝇	2	1	5
D5069	37	73	祖玛弓箭手	2	1	3
D5069	63	73	祖玛雕像	2	1	3
D5069	63	73	祖玛卫士	2	1	3
D5069	63	73	楔蛾	2	2	5
D5069	63	73	角蝇	2	1	5
D5069	63	73	祖玛弓箭手	2	1	3
D5069	87	73	祖玛雕像	2	1	3
D5069	87	73	祖玛卫士	2	1	3
D5069	87	73	楔蛾	2	2	5
D5069	87	73	角蝇	2	1	5
D5069	87	73	祖玛弓箭手	2	1	3
;特殊
D5069	50	50	祖玛雕像0	50	2	60
D5069	50	50	祖玛卫士0	50	2	60
D5069	50	50	祖玛弓箭手0	50	2	60


D5072	50	50	祖玛雕像	50	45	8
D5072	50	50	祖玛卫士	50	45	8
D5072	50	50	祖玛弓箭手	50	45	8
D5072	50	50	楔蛾	50	45	8
D5072	50	50	角蝇	50	5	8
;;捞亥飘己	阁胶磐
D5072	50	50	祖玛雕像3	50	10	60
D5072	50	50	祖玛卫士3	50	10	60
D5072	50	50	祖玛弓箭手3	50	10	60
;;磐瘤绰	阁胶磐
D5072	50	50	祖玛雕像0	50	2	60
D5072	50	50	祖玛卫士0	50	2	60
D5072	50	50	祖玛弓箭手0	50	2	60

D5073	50	50	祖玛雕像	50	45	8
D5073	50	50	祖玛卫士	50	45	8
D5073	50	50	祖玛弓箭手	50	45	8
D5073	50	50	楔蛾	50	45	8
D5073	50	50	角蝇	50	5	8
;;捞亥飘己阁胶磐
D5073	50	50	祖玛雕像3	50	10	60
D5073	50	50	祖玛卫士3	50	10	60
D5073	50	50	祖玛弓箭手3	50	10	60
;;磐瘤绰	阁胶磐
D5073	50	50	祖玛雕像0	50	2	60
D5073	50	50	祖玛卫士0	50	2	60
D5073	50	50	祖玛弓箭手0	50	2	60

D5074	50	50	祖玛雕像	50	45	8
D5074	50	50	祖玛卫士	50	45	8
D5074	50	50	祖玛弓箭手	50	45	8
D5074	50	50	楔蛾	50	45	8
D5074	50	50	角蝇	50	5	8
D5074	73	22	祖玛雕像	7	5	11
D5074	73	22	祖玛卫士	7	5	11
D5074	73	22	祖玛弓箭手	7	5	11
D5074	73	22	楔蛾	7	5	11
D5074	73	22	角蝇	7	3	11
;;极品
D5074	50	50	祖玛雕像3	50	10	60
D5074	50	50	祖玛卫士3	50	10	60
D5074	50	50	祖玛弓箭手3	50	10	60
;特殊
D5074	50	50	祖玛雕像0	50	2	30
D5074	50	50	祖玛卫士0	50	2	30
D5074	50	50	祖玛弓箭手0	50	2	30
D515	22	20	角蝇	20	4	16
D515	19	24	祖玛教主	0	1	120
D515	19	24	魔龙教主	0	1	120
D515	19	24	暗之魔龙教主	0	1	120








;;籍阿6摸固肺
D71601	25	25	红野猪	25	7	10
D71601	25	25	黑野猪	25	7	10
D71601	25	25	楔蛾	25	10	10
D71601	25	25	蝎蛇	25	7	10
D71601	25	25	黑色恶蛆	25	10	10
D71601	25	25	角蝇	25	3	10
;特殊
D71601	25	25	红野猪0	25	2	120
;;捞亥飘各
D71601	25	25	红野猪3	25	1	30
D71601	25	25	黑野猪3	25	1	30
D71601	25	25	蝎蛇3	25	1	30


D71602	25	25	红野猪	25	7	10
D71602	25	25	黑野猪	25	7	10
D71602	25	25	楔蛾	25	10	10
D71602	25	25	蝎蛇	25	7	10
D71602	25	25	黑色恶蛆	25	10	10
D71602	25	25	角蝇	25	3	10
;特殊
D71602	25	25	黑野猪0	25	2	120
;;捞亥飘各
D71602	25	25	红野猪3	25	1	30
D71602	25	25	黑野猪3	25	1	30
D71602	25	25	蝎蛇3	25	1	30


D71603	25	25	红野猪	25	7	10
D71603	25	25	黑野猪	25	7	10
D71603	25	25	楔蛾	25	10	10
D71603	25	25	蝎蛇	25	7	10
D71603	25	25	黑色恶蛆	25	10	10
D71603	25	25	角蝇	25	3	10
;特殊
D71603	25	25	黑色恶蛆0	25	2	120
;;捞亥飘各
D71603	25	25	红野猪3	25	1	30
D71603	25	25	黑野猪3	25	1	30
D71603	25	25	蝎蛇3	25	1	30


D71604	25	25	红野猪	25	7	10
D71604	25	25	黑野猪	25	7	10
D71604	25	25	楔蛾	25	10	10
D71604	25	25	蝎蛇	25	7	10
D71604	25	25	黑色恶蛆	25	10	10
D71604	25	25	角蝇	25	3	10
;特殊
D71604	25	25	蝎蛇0	25	2	120
;;捞亥飘各
D71604	25	25	红野猪3	25	1	30
D71604	25	25	黑野猪3	25	1	30
D71604	25	25	蝎蛇3	25	1	30


D71605	25	25	红野猪	25	7	10
D71605	25	25	黑野猪	25	7	10
D71605	25	25	楔蛾	25	10	10
D71605	25	25	蝎蛇	25	7	10
D71605	25	25	黑色恶蛆	25	10	10
D71605	25	25	角蝇	25	3	10
;特殊
D71605	25	25	红野猪0	25	2	120
;;捞亥飘各
D71605	25	25	红野猪3	25	1	30
D71605	25	25	黑野猪3	25	1	30
D71605	25	25	蝎蛇3	25	1	30

D71606	25	25	红野猪	25	7	10
D71606	25	25	黑野猪	25	7	10
D71606	25	25	楔蛾	25	10	10
D71606	25	25	蝎蛇	25	7	10
D71606	25	25	黑色恶蛆	25	10	10
D71606	25	25	角蝇	25	3	10
;特殊
D71606	25	25	黑野猪0	25	2	120
;;捞亥飘各
D71606	25	25	红野猪3	25	1	30
D71606	25	25	黑野猪3	25	1	30
D71606	25	25	蝎蛇3	25	1	30

D71607	25	25	红野猪	25	7	10
D71607	25	25	黑野猪	25	7	10
D71607	25	25	楔蛾	25	10	10
D71607	25	25	蝎蛇	25	7	10
D71607	25	25	黑色恶蛆	25	10	10
D71607	25	25	角蝇	25	3	10
;特殊
D71607	25	25	黑色恶蛆0	25	2	120
;;捞亥飘各
D71607	25	25	红野猪3	25	1	30
D71607	25	25	黑野猪3	25	1	30
D71607	25	25	蝎蛇3	25	1	30

D71608	25	25	红野猪	25	7	10
D71608	25	25	黑野猪	25	7	10
D71608	25	25	楔蛾	25	10	10
D71608	25	25	蝎蛇	25	7	10
D71608	25	25	黑色恶蛆	25	10	10
D71608	25	25	角蝇	25	3	10
;特殊
D71608	25	25	蝎蛇0	25	2	120
;;捞亥飘各
D71608	25	25	红野猪3	25	1	30
D71608	25	25	黑野猪3	25	1	30
D71608	25	25	蝎蛇3	25	1	30

D71609	25	25	红野猪	25	7	10
D71609	25	25	黑野猪	25	7	10
D71609	25	25	楔蛾	25	10	10
D71609	25	25	蝎蛇	25	7	10
D71609	25	25	黑色恶蛆	25	10	10
D71609	25	25	角蝇	25	3	10
;特殊
D71609	25	25	红野猪0	25	2	120
;;捞亥飘各
D71609	25	25	红野猪3	25	1	30
D71609	25	25	黑野猪3	25	1	30
D71609	25	25	蝎蛇3	25	1	30

D71610	25	25	红野猪	25	7	10
D71610	25	25	黑野猪	25	7	10
D71610	25	25	楔蛾	25	10	10
D71610	25	25	蝎蛇	25	7	10
D71610	25	25	黑色恶蛆	25	10	10
D71610	25	25	角蝇	25	3	10
;特殊
D71610	25	25	黑野猪0	25	2	120
;;捞亥飘各
D71610	25	25	红野猪3	25	1	30
D71610	25	25	黑野猪3	25	1	30
D71610	25	25	蝎蛇3	25	1	30

D71611	25	25	红野猪	25	7	10
D71611	25	25	黑野猪	25	7	10
D71611	25	25	楔蛾	25	10	10
D71611	25	25	蝎蛇	25	7	10
D71611	25	25	黑色恶蛆	25	10	10
D71611	25	25	角蝇	25	3	10
;特殊
D71611	25	25	黑色恶蛆0	25	2	120
;;捞亥飘各
D71611	25	25	红野猪3	25	1	30
D71611	25	25	黑野猪3	25	1	30
D71611	25	25	蝎蛇3	25	1	30

D71612	25	25	红野猪	25	7	10
D71612	25	25	黑野猪	25	7	10
D71612	25	25	楔蛾	25	10	10
D71612	25	25	蝎蛇	25	7	10
D71612	25	25	黑色恶蛆	25	10	10
D71612	25	25	角蝇	25	3	10
;特殊
D71612	25	25	蝎蛇0	25	2	120
;;捞亥飘各
D71612	25	25	红野猪3	25	1	30
D71612	25	25	黑野猪3	25	1	30
D71612	25	25	蝎蛇3	25	1	30

D71613	25	25	红野猪	25	7	10
D71613	25	25	黑野猪	25	7	10
D71613	25	25	楔蛾	25	10	10
D71613	25	25	蝎蛇	25	7	10
D71613	25	25	黑色恶蛆	25	10	10
D71613	25	25	角蝇	25	3	10
;特殊
D71613	25	25	红野猪0	25	2	120
;;捞亥飘各
D71613	25	25	红野猪3	25	1	30
D71613	25	25	黑野猪3	25	1	30
D71613	25	25	蝎蛇3	25	1	30

D71614	25	25	红野猪	25	7	10
D71614	25	25	黑野猪	25	7	10
D71614	25	25	楔蛾	25	10	10
D71614	25	25	蝎蛇	25	7	10
D71614	25	25	黑色恶蛆	25	10	10
D71614	25	25	角蝇	25	3	10
;特殊
D71614	25	25	黑野猪0	25	2	120
;;捞亥飘各
D71614	25	25	红野猪3	25	1	30
D71614	25	25	黑野猪3	25	1	30
D71614	25	25	蝎蛇3	25	1	30

D71615	25	25	红野猪	25	7	10
D71615	25	25	黑野猪	25	7	10
D71615	25	25	楔蛾	25	10	10
D71615	25	25	蝎蛇	25	7	10
D71615	25	25	黑色恶蛆	25	10	10
D71615	25	25	角蝇	25	3	10
;特殊
D71615	25	25	黑色恶蛆0	25	2	120
;;捞亥飘各
D71615	25	25	红野猪3	25	1	30
D71615	25	25	黑野猪3	25	1	30
D71615	25	25	蝎蛇3	25	1	30

D71616	25	25	红野猪	25	7	10
D71616	25	25	黑野猪	25	7	10
D71616	25	25	楔蛾	25	10	10
D71616	25	25	蝎蛇	25	7	10
D71616	25	25	黑色恶蛆	25	10	10
D71616	25	25	角蝇	25	3	10
;特殊
D71616	25	25	蝎蛇0	25	2	120
;;捞亥飘各
D71616	25	25	红野猪3	25	1	30
D71616	25	25	黑野猪3	25	1	30
D71616	25	25	蝎蛇3	25	1	30

D71617	25	25	红野猪	25	7	10
D71617	25	25	黑野猪	25	7	10
D71617	25	25	楔蛾	25	10	10
D71617	25	25	蝎蛇	25	7	10
D71617	25	25	黑色恶蛆	25	10	10
D71617	25	25	角蝇	25	3	10
;特殊
D71617	25	25	红野猪0	25	2	120
;;捞亥飘各
D71617	25	25	红野猪3	25	1	30
D71617	25	25	黑野猪3	25	1	30
D71617	25	25	蝎蛇3	25	1	30

D71618	25	25	红野猪	25	7	10
D71618	25	25	黑野猪	25	7	10
D71618	25	25	楔蛾	25	10	10
D71618	25	25	蝎蛇	25	7	10
D71618	25	25	黑色恶蛆	25	10	10
D71618	25	25	角蝇	25	3	10
;特殊
D71618	25	25	黑野猪0	25	2	120
;;捞亥飘各
D71618	25	25	红野猪3	25	1	30
D71618	25	25	黑野猪3	25	1	30
D71618	25	25	蝎蛇3	25	1	30

D71619	25	25	红野猪	25	7	10
D71619	25	25	黑野猪	25	7	10
D71619	25	25	楔蛾	25	10	10
D71619	25	25	蝎蛇	25	7	10
D71619	25	25	黑色恶蛆	25	10	10
D71619	25	25	角蝇	25	3	10
;特殊
D71619	25	25	黑色恶蛆0	25	2	120
;;捞亥飘各
D71619	25	25	红野猪3	25	1	30
D71619	25	25	黑野猪3	25	1	30
D71619	25	25	蝎蛇3	25	1	30

D71620	25	25	红野猪	25	7	10
D71620	25	25	黑野猪	25	7	10
D71620	25	25	楔蛾	25	10	10
D71620	25	25	蝎蛇	25	7	10
D71620	25	25	黑色恶蛆	25	10	10
D71620	25	25	角蝇	25	3	10
;特殊
D71620	25	25	蝎蛇0	25	2	120
;;捞亥飘各
D71620	25	25	红野猪3	25	1	30
D71620	25	25	黑野猪3	25	1	30
D71620	25	25	蝎蛇3	25	1	30

D71621	25	25	红野猪	25	7	10
D71621	25	25	黑野猪	25	7	10
D71621	25	25	楔蛾	25	10	10
D71621	25	25	蝎蛇	25	7	10
D71621	25	25	黑色恶蛆	25	10	10
D71621	25	25	角蝇	25	3	10
;特殊
D71621	25	25	红野猪0	25	2	120
;;捞亥飘各
D71621	25	25	红野猪3	25	1	30
D71621	25	25	黑野猪3	25	1	30
D71621	25	25	蝎蛇3	25	1	30

D71622	25	25	红野猪	25	7	10
D71622	25	25	黑野猪	25	7	10
D71622	25	25	楔蛾	25	10	10
D71622	25	25	蝎蛇	25	7	10
D71622	25	25	黑色恶蛆	25	10	10
D71622	25	25	角蝇	25	3	10
;特殊
D71622	25	25	黑野猪0	25	2	120
;;捞亥飘各
D71622	25	25	红野猪3	25	1	30
D71622	25	25	黑野猪3	25	1	30
D71622	25	25	蝎蛇3	25	1	30

D71623	25	25	红野猪	25	7	10
D71623	25	25	黑野猪	25	7	10
D71623	25	25	楔蛾	25	10	10
D71623	25	25	蝎蛇	25	7	10
D71623	25	25	黑色恶蛆	25	10	10
D71623	25	25	角蝇	25	3	10
;特殊
D71623	25	25	黑色恶蛆0	25	2	120
;强力
D71623	25	25	红野猪3	25	1	30
D71623	25	25	黑野猪3	25	1	30
D71623	25	25	蝎蛇3	25	1	30

D71624	25	25	红野猪	25	7	10
D71624	25	25	黑野猪	25	7	10
D71624	25	25	楔蛾	25	10	10
D71624	25	25	蝎蛇	25	7	10
D71624	25	25	黑色恶蛆	25	10	10
D71624	25	25	角蝇	25	3	10
;特殊
D71624	25	25	蝎蛇0	25	2	120
;强力
D71624	25	25	红野猪3	25	1	30
D71624	25	25	黑野猪3	25	1	30
D71624	25	25	蝎蛇3	25	1	30

D71625	25	25	红野猪	25	7	10
D71625	25	25	黑野猪	25	7	10
D71625	25	25	楔蛾	25	10	10
D71625	25	25	蝎蛇	25	7	10
D71625	25	25	黑色恶蛆	25	10	10
D71625	25	25	角蝇	25	3	10
;特殊
D71625	25	25	红野猪0	25	2	120
;强力
D71625	25	25	红野猪3	25	1	30
D71625	25	25	黑野猪3	25	1	30
D71625	25	25	蝎蛇3	25	1	30


;;籍阿6摸
D716	25	25	红野猪	25	5	10
D716	25	25	黑野猪	25	5	10
D716	25	25	楔蛾	25	8	10
D716	25	25	蝎蛇	25	5	10
D716	25	25	黑色恶蛆	25	8	10
D716	25	25	角蝇	25	2	10
;特殊
D716	25	25	黑野猪0	25	2	120

;;籍阿7摸
D717	100	100	黑色恶蛆	100	120	10
D717	100	100	楔蛾	100	260	10
D717	100	100	黑色恶蛆	100	120	10
D717	100	100	楔蛾	100	260	10
D717	100	100	白野猪	100	5	120
D717	100	100	白野猪	100	5	180
D717	100	100	邪恶毒蛇	100	2	120
D717	100	100	角蝇	100	15	10
D717	100	100	暗之魔龙教主	5	1	120
D717	100	100	魔龙教主	5	1	60





;未知暗殿
M001	200	200	鹿1	200	3	50
M001	200	200	鹿	200	1	90
M001	200	200	稻草人1	200	6	50
M001	200	200	稻草人	200	1	90
M001	200	200	巨型多角虫1	200	18	50
M001	200	200	巨型多角虫	200	1	120
M001	200	200	半兽勇士1	200	12	50
M001	200	200	半兽勇士	200	1	90
M001	200	200	骷髅精灵1	200	24	50
M001	200	200	骷髅精灵	200	1	90
M001	200	200	尸王1	200	24	50
M001	200	200	尸王	200	1	90
M001	200	200	沃玛卫士1	200	48	50
M001	200	200	沃玛卫士	200	1	90
M001	200	200	邪恶钳虫1	200	48	50
M001	200	200	邪恶钳虫	200	1	90
M001	200	200	白野猪1	200	100	50
M001	200	200	白野猪	200	1	90
M001	200	200	邪恶毒蛇1	200	100	50
M001	200	200	邪恶毒蛇	200	1	90
M001	200	200	沃玛教主1	200	200	50
M001	200	200	沃玛教主	200	1	120

;;尸王殿
Q004	15	15	尸王	5	28	30
Q004	15	15	尸王	5	4	30

;d10061
D10061	15	18	月魔蜘蛛	12	5	7
D10061	13	18	月魔蜘蛛	12	7	6
D10061	13	18	月魔蜘蛛	12	7	6
D10061	13	18	钢牙蜘蛛	12	10	6
D10061	13	18	暴牙蜘蛛	12	9	6
D10061	15	21	黑锷蜘蛛	12	5	7
D10061	16	19	血巨人	12	5	7
D10061	16	19	血僵尸	12	7	6
D10061	15	18	双头血魔	12	1	120
D10061	15	18	双头金刚	12	1	120
;特殊
D10061	15	18	月魔蜘蛛0	12	2	30
D10061	15	18	血巨人0	12	2	60
D10061	15	18	血僵尸0	12	2	60
D10061	15	18	黑锷蜘蛛0	12	3	60
D10061	15	18	暴牙蜘蛛0	12	3	60

;d10062
D10062	23	18	赤月恶魔	0	1	120
D10062	23	18	暗之魔龙教主	5	1	120
D10062	23	18	魔龙教主	5	1	120
D10062	17	19	月魔蜘蛛	14	6	6
D10062	17	19	月魔蜘蛛	14	7	5
D10062	15	19	花吻蜘蛛	14	8	6
D10062	15	19	钢牙蜘蛛	14	4	6
D10062	15	19	暴牙蜘蛛	14	8	6
D10062	17	17	黑锷蜘蛛	14	4	6
D10062	17	17	黑锷蜘蛛	14	6	7
D10062	16	18	血巨人	14	3	7
D10062	16	18	血僵尸	14	3	7

D10062	17	19	月魔蜘蛛0	14	2	30
D10062	17	19	花吻蜘蛛0	14	2	60
D10062	17	19	钢牙蜘蛛0	14	2	60
D10062	17	19	暴牙蜘蛛0	14	2	60
D10062	17	19	剧毒蜘蛛0	14	2	60
D10062	17	19	黑锷蜘蛛0	14	2	60
D10062	17	19	血巨人0	14	1	60
D10062	17	19	血僵尸0	14	1	60


1002	14	13	鹰卫	0	1	120

;绝情谷
D717	83	25	石墓尸王	0	1	120


;封魔谷
1	51	165	弓箭守卫	0	1	1
1	51	172	弓箭守卫	0	1	1
4	443	184	恶魔弓箭手	0	1	1
4	443	192	恶魔弓箭手	0	1	1
4	256	231	恶魔弓箭手	0	1	1
4	251	236	恶魔弓箭手	0	1	1
4	255	230	恶魔弓箭手	0	1	1
4	250	235	恶魔弓箭手	0	1	1
4	254	229	恶魔弓箭手	0	1	1
4	249	234	恶魔弓箭手	0	1	1
4	253	228	恶魔弓箭手	0	1	1
4	248	233	恶魔弓箭手	0	1	1
4	252	227	恶魔弓箭手	0	1	1
4	247	232	恶魔弓箭手	0	1	1
4	257	186	恶魔弓箭手	0	1	1
4	253	183	恶魔弓箭手	0	1	1
4	256	187	恶魔弓箭手	0	1	1
4	252	184	恶魔弓箭手	0	1	1
4	255	188	恶魔弓箭手	0	1	1
4	251	185	恶魔弓箭手	0	1	1
4	254	189	恶魔弓箭手	0	1	1
4	250	186	恶魔弓箭手	0	1	1
4	253	190	恶魔弓箭手	0	1	1
4	249	187	恶魔弓箭手	0	1	1
4	215	193	恶魔弓箭手	0	1	1
4	219	189	恶魔弓箭手	0	1	1


;歧路
D2001	238	120	僵尸1	200	20	15
D2001	238	120	僵尸2	200	20	15
D2001	238	120	僵尸3	200	20	15
D2001	238	120	僵尸4	200	20	15
D2001	238	120	僵尸5	200	20	15

D2001	136	78	僵尸1	100	10	17
D2001	136	78	僵尸2	100	10	17
D2001	136	78	僵尸3	100	10	17
D2001	136	78	僵尸4	100	10	17
D2001	136	78	僵尸5	100	10	17

D2001	136	78	僵尸1	100	20	16
D2001	136	78	僵尸2	100	20	16
D2001	136	78	僵尸3	100	20	16
D2001	136	78	僵尸4	100	20	16
D2001	136	78	僵尸5	100	20	16

D2001	50	98	僵尸1	40	10	15
D2001	50	98	僵尸2	40	10	15
D2001	50	98	僵尸3	40	10	15
D2001	50	98	僵尸4	40	10	15
D2001	50	98	僵尸5	40	10	15

;;特殊
D2001	238	120	僵尸10	200	2	15
D2001	238	120	僵尸20	200	2	15
D2001	238	120	僵尸30	100	2	15
D2001	136	78	僵尸40	180	2	15
D2001	136	78	僵尸50	180	2	15
D2001	29	99	尸王	50	1	60



;连接通道
D2002	21	23	僵尸1	10	5	15
D2002	21	23	僵尸2	10	10	15
D2002	21	23	僵尸3	10	10	15
D2002	21	23	僵尸4	10	10	15
D2002	21	23	僵尸5	10	10	15
D2002	21	23	尸王2	10	4	15
;;特殊
D2002	33	15	尸王	5	1	60

;封魔道
D2003	131	154	红野猪	150	70	18
D2003	131	154	黑野猪	150	70	18
D2003	131	154	黑色恶蛆	150	80	18
D2003	131	154	角蝇	150	3	18
;;特殊
D2003	96	128	红野猪0	120	1	20
D2003	96	128	黑野猪0	120	1	20
D2003	96	128	黑色恶蛆0	120	1	20

;疾风殿
D2004	49	44	红野猪	100	40	10
D2004	49	44	黑野猪	100	40	10
D2004	49	44	黑色恶蛆	100	60	10
;;特殊
D2004	49	44	红野猪0	100	2	20
D2004	49	44	黑野猪0	100	2	20
D2004	49	44	黑色恶蛆0	100	2	20

;光芒回廊
D2005	41	44	红野猪	100	40	10
D2005	41	44	黑野猪	100	40	10
D2005	41	44	黑色恶蛆	100	60	10
D2005	41	44	角蝇	100	2	10
D2005	41	44	红野猪3	100	5	10
D2005	41	44	黑野猪3	100	5	10
;;特殊
D2005	41	44	红野猪0	100	2	20
D2005	41	44	黑野猪0	100	2	20
D2005	41	44	黑色恶蛆0	100	4	20

;烈焰殿
D2006	31	38	红野猪	100	40	10
D2006	31	38	黑野猪	100	40	10
D2006	31	38	黑色恶蛆	100	60	10
D2006	31	38	白野猪0	100	20	20
D2006	31	38	角蝇	100	3	10
D2006	31	38	红野猪3	100	10	10
D2006	31	38	黑野猪3	100	10	10
;;特殊
D2006	31	38	红野猪0	100	2	20
D2006	31	38	黑野猪0	100	2	20
D2006	31	38	黑色恶蛆0	100	4	20
D2006	31	38	白野猪	100	2	120

;雷霆之路
D2007	140	135	红野猪	200	30	10
D2007	140	135	黑野猪	200	30	10
D2007	140	135	白野猪0	200	15	20
D2007	140	135	黑色恶蛆	200	60	10
D2007	140	135	角蝇	200	3	10
D2007	140	135	红野猪3	200	10	10
D2007	140	135	黑野猪3	200	10	10
;;特殊
D2007	140	135	红野猪0	200	2	20
D2007	140	135	黑野猪0	200	2	20
D2007	140	135	白野猪	200	1	120
D2007	140	135	黑色恶蛆0	200	2	20
D2007	140	135	虹魔猪卫	200	1	90

;霸者大厅
D2008	41	74	红野猪	200	30	10
D2008	41	74	黑野猪	200	30	10
D2008	41	74	白野猪0	200	15	20
D2008	41	74	黑色恶蛆	200	60	10
D2008	41	74	角蝇	100	3	7
D2008	41	74	虹魔猪卫0	100	3	30
;;特殊
D2008	41	74	红野猪0	100	1	20
D2008	41	74	黑野猪0	100	1	20
D2008	41	74	白野猪	100	2	120	
D2008	41	74	黑色恶蛆0	100	2	20
D2008	41	74	虹魔猪卫	100	1	60

;幽冥回廊
D2009	41	44	红野猪	100	20	15
D2009	41	44	黑野猪	100	20	15
D2009	41	44	白野猪0	100	20	15
D2009	41	44	黑色恶蛆	100	40	15
D2009	41	44	角蝇	100	2	15
D2009	41	44	蝎蛇	100	60	15
D2009	41	44	红野猪3	100	15	15
D2009	41	44	黑野猪3	100	15	15
;;特殊
D2009	41	44	红野猪0	100	1	20
D2009	41	44	黑野猪0	100	1	20
D2009	41	44	白野猪	100	1	120
D2009	41	44	黑色恶蛆0	100	2	20
D2009	41	44	蝎蛇0	100	2	20
D2009	41	44	邪恶毒蛇	100	1	60

;纵横道
D2010	155	231	红野猪	200	40	10
D2010	155	231	黑野猪	200	40	10
D2010	155	231	白野猪0	200	20	20	
D2010	155	231	黑色恶蛆	200	80	10
D2010	155	231	蝎蛇	200	40	15
D2010	155	231	角蝇	200	3	10
D2010	155	231	红野猪3	200	5	10
D2010	155	231	黑野猪3	200	5	10
;;特殊
D2010	155	231	红野猪0	200	2	20
D2010	155	231	黑野猪0	200	2	20
D2010	155	231	白野猪	200	2	120	
D2010	155	231	黑色恶蛆0	200	2	20
D2010	155	231	蝎蛇0	200	2	20
D2010	155	231	邪恶毒蛇	200	1	40
D2010	155	231	虹魔蝎卫	200	1	90

;魔魂殿
D2011	32	31	红野猪	80	30	15
D2011	32	31	黑野猪	80	30	15
D2011	32	31	白野猪0	80	10	15
D2011	32	31	角蝇	80	3	10
D2011	32	31	蝎蛇	80	40	10
D2011	32	31	虹魔蝎卫0	80	3	25
D2011	32	31	红野猪3	80	10	15
D2011	32	31	黑野猪3	80	10	15
D2011	32	31	楔蛾	80	40	10
;;特殊
D2011	32	31	黑野猪0	80	2	20
D2011	32	31	白野猪	80	1	60
D2011	32	31	邪恶毒蛇	80	1	30
D2011	32	31	蝎蛇0	80	2	20
D2011	32	31	虹魔蝎卫	80	1	60

;炼狱回廊
D2012	48	47	祖玛雕像	70	25	15
D2012	48	47	祖玛卫士	70	25	15
D2012	48	47	祖玛弓箭手	70	25	10
D2012	48	47	楔蛾	70	40	10
D2012	48	47	角蝇	70	3	10
D2012	48	47	大老鼠	70	20	10
D2012	48	47	红野猪	70	20	10
D2012	48	47	黑野猪	70	20	10
D2012	48	47	白野猪0	70	10	10
D2012	48	47	蝎蛇	70	20	10
;;强力
D2012	48	47	红野猪3	70	5	10
D2012	48	47	黑野猪3	70	5	10
D2012	48	47	祖玛雕像3	70	5	20
D2012	48	47	祖玛卫士3	70	5	20
D2012	48	47	祖玛弓箭手3	70	10	15
;;特殊
D2012	48	47	祖玛雕像0	60	2	30
D2012	48	47	祖玛卫士0	60	2	30
D2012	48	47	祖玛弓箭手0	60	2	30
D2012	48	47	楔蛾0	60	4	20
D2012	48	47	大老鼠0	60	4	20
D2012	48	47	红野猪0	70	2	10
D2012	48	47	黑野猪0	70	2	10
D2012	48	47	白野猪	70	2	60
D2012	48	47	蝎蛇0	70	2	10
D2012	48	47	邪恶毒蛇	70	1	60

;封魔殿
D2013	22	27	祖玛雕像	60	40	20
D2013	40	45	祖玛卫士	60	40	20
D2013	40	45	祖玛弓箭手	60	30	20
D2013	22	27	祖玛雕像3	60	20	20
D2013	40	45	祖玛卫士3	60	20	20
D2013	40	45	祖玛弓箭手3	60	60	20
D2013	40	45	虹魔猪卫	60	2	60
D2013	40	45	虹魔蝎卫	60	2	60
D2013	40	45	楔蛾	60	80	10
D2013	40	45	角蝇	60	3	15
D2013	25	29	虹魔教主	10	1	60
D2013	25	29	魔龙教主	10	1	60
;;特殊
D2013	40	45	祖玛雕像0	60	1	30
D2013	40	45	祖玛卫士0	60	1	30
D2013	40	45	祖玛弓箭手0	60	1	30
D2013	40	45	楔蛾0	60	3	20
D2013	25	29	虹魔教主0	10	1	120
D2013	38	35	魔龙教主	0	1	60
D2013	38	35	暗之魔龙教主	0	1	120

;秘密通道
D10054	51	40	红野猪	60	30	15
D10054	51	40	黑野猪	60	30	15
D10054	51	40	白野猪0	60	20	25
D10054	51	40	黑色恶蛆	60	60	15
D10054	51	40	角蝇	60	3	15
D10054	51	40	虹魔猪卫	60	1	60
D10054	51	40	红野猪3	60	5	15
D10054	51	40	黑野猪3	60	5	15
;;特殊
D10054	51	40	红野猪0	60	1	25
D10054	51	40	黑野猪0	60	1	25
D10054	51	40	白野猪	60	1	120
D10054	51	40	黑色恶蛆0	60	2	25

;秘密通道
D10053	41	40	红野猪	60	30	15
D10053	41	40	黑野猪	60	30	15
D10053	41	40	白野猪0	60	10	25	
D10053	41	40	黑色恶蛆	60	40	15
D10053	41	40	蝎蛇	60	40	15
D10053	41	40	角蝇	60	3	15
D10053	41	40	虹魔蝎卫	60	1	60
D10053	41	40	红野猪3	60	5	15
D10053	41	40	黑野猪3	60	5	15
;;特殊
D10053	41	40	红野猪0	60	1	25
D10053	41	40	黑野猪0	60	1	25
D10053	41	40	白野猪	60	1	120	
D10053	41	40	黑色恶蛆0	60	2	25
D10053	41	40	蝎蛇0	60	1	25
D10053	41	40	邪恶毒蛇	60	1	40

4	123	404	千年树妖	0	1	180

M100	131	154	红野猪	150	50	8
M100	131	154	黑野猪	150	50	8
M100	131	154	黑色恶蛆	150	50	8
M100	131	154	白野猪0	150	4	8
M100	131	154	白野猪	150	1	120
M100	131	154	虹魔猪卫9	150	1	60

D2000	100	100	僵尸2	100	75	10
D2000	100	100	僵尸3	100	75	10
D2000	100	100	洞蛆	100	45	10
;特殊
D2000	100	100	僵尸20	100	3	10
D2000	100	100	僵尸30	100	3	10

T118	14	16	暗之双头血魔	1	1	180
T219	26	26	暗之双头金刚	1	1	180
T339	22	26	暗之骷髅精灵	1	1	180
T315	52	36	暗之黄泉教主	1	1	180
T218	14	16	暗之虹魔教主	1	1	180
T232	20	28	暗之沃玛教主	1	1	180


;仓月岛

D2051	88	105	恶灵僵尸	100	100	10
D2051	88	105	恶灵尸王	100	60	10
D2051	88	105	恶灵僵尸0	100	4	60
D2051	88	105	宝箱	100	2	60
D2051	88	105	宝箱2	100	1	60
D2051	120	90	恶灵僵尸	100	100	10
D2051	120	90	恶灵尸王	100	60	10
D2051	120	90	恶灵僵尸0	100	4	60
D2051	120	90	恶灵僵尸	150	100	10

D2052	52	52	恶灵僵尸	50	70	10
D2052	52	52	恶灵僵尸0	50	6	60
D2052	52	52	恶灵尸王	50	30	10
D2052	52	52	恶灵尸王0	50	4	60
D2052	52	52	宝箱1	50	2	60
D2052	52	52	宝箱3	50	2	60
D2052	52	52	宝箱5	50	1	60
D2052	71	41	恶灵僵尸	50	70	10
D2052	71	41	恶灵僵尸0	50	4	60
D2052	71	41	恶灵尸王	50	30	10
D2052	71	41	恶灵尸王0	50	3	60


D2053	200	190	恶灵僵尸	100	80	8
D2053	200	190	恶灵尸王	100	20	10
D2053	145	80	恶灵僵尸	100	80	8
D2053	145	80	恶灵尸王	100	20	10
D2053	100	125	恶灵僵尸	100	80	8
D2053	100	125	恶灵尸王	100	20	10
D2053	200	190	恶灵僵尸0	100	10	60
D2053	100	125	恶灵尸王0	100	4	120
D2053	100	145	恶灵僵尸	100	80	8
D2053	100	145	恶灵尸王	100	20	10
D2053	100	140	恶灵僵尸0	100	10	60
D2053	200	190	恶灵尸王0	100	4	120
D2053	100	125	宝箱	100	2	60
D2053	100	125	宝箱2	100	2	60
D2053	100	125	宝箱4	100	1	60



D2061	110	110	恶灵僵尸	100	100	10
D2061	110	110	骷髅长枪兵	100	100	10
D2061	110	110	恶灵僵尸0	100	4	60
D2061	110	110	骷髅长枪兵0	100	2	60
D2061	110	110	宝箱1	100	2	60
D2061	110	110	宝箱2	100	2	60
D2061	110	115	恶灵僵尸	100	100	10
D2061	110	115	恶灵尸王	100	60	10
D2061	110	115	骷髅长枪兵	100	100	10
D2061	110	115	恶灵僵尸0	100	4	60
D2061	110	115	骷髅长枪兵0	100	2	60

D2062	100	90	骷髅刀斧手	100	80	10
D2062	100	90	骷髅刀斧手0	100	4	60
D2062	100	90	骷髅长枪兵	100	80	10
D2062	100	90	骷髅长枪兵0	100	4	60
D2062	100	90	宝箱1	100	2	60
D2062	100	90	宝箱3	100	2	60
D2062	100	90	骷髅锤兵	100	80	10
D2062	100	90	骷髅锤兵0	100	2	60
D2062	120	100	骷髅刀斧手	100	80	10
D2062	120	100	骷髅刀斧手0	100	4	60
D2062	120	100	骷髅长枪兵	100	60	10
D2062	120	100	骷髅长枪兵0	100	4	60
D2062	120	100	骷髅锤兵	100	60	10
D2062	120	100	骷髅锤兵0	100	2	60


D2063	105	95	骷髅弓箭手	150	60	10
D2063	105	95	骷髅锤兵	150	40	10
D2063	105	95	骷髅长枪兵	150	60	10
D2063	105	95	骷髅刀斧手	150	60	10
D2063	105	95	骷髅弓箭手0	150	4	60
D2063	105	95	骷髅锤兵0	150	2	60
D2063	105	95	骷髅长枪兵0	150	4	60
D2063	105	95	骷髅刀斧手0	150	4	60
D2063	105	95	宝箱2	120	2	60
D2063	105	95	宝箱4	120	2	60
D2063	105	100	骷髅弓箭手	150	60	10
D2063	105	100	骷髅锤兵	150	40	10
D2063	105	100	骷髅长枪兵	150	60	10
D2063	105	100	骷髅刀斧手	150	60	10
D2063	105	100	骷髅弓箭手0	150	4	60
D2063	105	100	骷髅锤兵0	150	2	60
D2063	105	100	骷髅长枪兵0	150	4	60
D2063	105	100	骷髅刀斧手0	150	4	60


D2064	105	95	骷髅锤兵	150	60	10
D2064	105	95	骷髅长枪兵	150	60	10
D2064	105	95	骷髅刀斧手	150	60	10
D2064	105	95	骷髅弓箭手	150	70	10
D2064	105	95	骷髅锤兵0	150	4	60
D2064	105	95	骷髅长枪兵0	150	4	60
D2064	105	95	骷髅刀斧手0	150	4	60
D2064	105	95	骷髅弓箭手0	150	8	60
D2064	105	95	宝箱3	150	2	60
D2064	105	95	宝箱5	150	2	60
D2064	160	100	骷髅锤兵	150	60	10
D2064	160	100	骷髅长枪兵	150	60	10
D2064	160	100	骷髅刀斧手	150	60	10
D2064	160	100	骷髅弓箭手	150	70	10
D2064	160	100	骷髅锤兵0	150	4	60
D2064	160	100	骷髅长枪兵0	150	4	60
D2064	160	100	骷髅刀斧手0	150	4	60
D2064	160	100	骷髅弓箭手0	150	8	60

D2067	195	180	骷髅锤兵	200	50	10
D2067	195	180	骷髅长枪兵	200	50	10
D2067	195	180	骷髅刀斧手	200	50	10
D2067	195	180	骷髅弓箭手	200	20	10
D2067	190	60	骷髅锤兵	200	50	10
D2067	190	60	骷髅长枪兵	200	50	10
D2067	190	60	骷髅刀斧手	200	50	10
D2067	190	60	骷髅弓箭手	200	20	10
D2067	80	200	骷髅锤兵	200	50	10
D2067	80	200	骷髅长枪兵	200	50	10
D2067	80	200	骷髅刀斧手	200	50	10
D2067	80	200	骷髅弓箭手	200	20	10
D2067	195	180	骷髅锤兵0	200	6	60
D2067	195	180	骷髅长枪兵0	200	6	60
D2067	190	60	骷髅刀斧手0	200	6	60
D2067	80	200	骷髅弓箭手0	200	4	60
D2067	195	180	黄泉教主	200	1	120
D2067	195	180	黄泉教主0	200	1	180
D2067	195	180	魔龙教主	10	1	60
D2067	195	180	暗之魔龙教主	10	1	120
D2067	195	180	宝箱	200	2	60
D2067	195	180	宝箱2	200	2	60
D2067	195	180	宝箱4	200	2	60
D2067	195	180	宝箱6	200	1	120


D2071	165	120	牛头魔	150	80	10
D2071	165	120	牛魔战士	150	80	10
D2071	165	120	牛魔斗士	150	80	10
D2071	165	120	牛头魔0	150	4	60
D2071	165	120	牛魔战士0	150	2	60
D2071	165	120	牛魔斗士0	150	2	60
D2071	165	120	宝箱1	150	2	60
D2071	165	120	宝箱2	150	2	60
D2071	165	120	牛头魔	150	80	10
D2071	165	120	牛魔战士	150	80	10
D2071	165	120	牛魔斗士	150	60	10
D2071	165	120	牛头魔0	150	2	60
D2071	165	120	牛魔战士0	150	1	60
D2071	165	120	牛魔斗士0	150	1	60


D2072	135	145	牛头魔	150	60	10
D2072	135	145	牛魔战士	150	80	10
D2072	135	145	牛魔斗士	150	80	10
D2072	135	145	牛魔侍卫	150	40	10
D2072	135	145	牛头魔0	150	4	60
D2072	135	145	牛魔战士0	150	2	60
D2072	135	145	牛魔斗士0	150	2	60
D2072	135	145	牛魔侍卫0	150	2	60
D2072	135	145	宝箱1	150	2	60
D2072	135	145	宝箱3	150	2	60
D2072	135	145	牛头魔	150	60	10
D2072	135	145	牛魔战士	150	80	10
D2072	135	145	牛魔斗士	150	80	10
D2072	135	145	牛魔侍卫	150	30	10
D2072	135	145	牛头魔0	150	2	60
D2072	135	145	牛魔战士0	120	1	60
D2072	135	145	牛魔斗士0	120	1	60
D2072	135	145	牛魔侍卫0	120	1	60


D2073	205	210	牛头魔	200	60	10
D2073	205	210	牛魔战士	200	60	10
D2073	205	210	牛魔斗士	200	60	10
D2073	205	210	牛魔侍卫	200	40	10
D2073	205	210	牛魔法师	200	30	10
D2073	205	210	牛头魔0	200	6	60
D2073	205	210	牛魔战士0	200	4	60
D2073	205	210	牛魔斗士0	200	4	60
D2073	205	210	牛魔侍卫0	200	2	60
D2073	205	210	牛魔法师0	200	2	60
D2073	205	210	宝箱1	200	2	60
D2073	205	210	宝箱4	200	2	60
D2073	205	210	牛头魔	200	60	10
D2073	205	210	牛魔战士	200	60	10
D2073	205	210	牛魔斗士	200	60	10
D2073	205	210	牛魔侍卫	200	30	10
D2073	205	210	牛魔法师	200	20	10
D2073	205	210	牛头魔0	200	3	60
D2073	205	210	牛魔战士0	200	2	60
D2073	205	210	牛魔斗士0	200	2	60
D2073	205	210	牛魔侍卫0	200	1	60
D2073	205	210	牛魔法师0	200	1	60

D2075	105	95	牛魔战士	150	80	10
D2075	105	95	牛魔斗士	150	80	10
D2075	105	95	牛魔侍卫	150	40	10
D2075	105	95	牛魔法师	150	40	10
D2075	105	95	牛魔将军	150	20	10
D2075	105	95	牛魔战士0	150	4	60
D2075	105	95	牛魔斗士0	150	4	60
D2075	105	95	牛魔侍卫0	150	2	60
D2075	105	95	牛魔法师0	150	2	60
D2075	105	95	宝箱1	150	2	60
D2075	105	95	宝箱5	150	2	60
D2075	105	95	牛魔战士	150	80	10
D2075	105	95	牛魔斗士	150	80	10
D2075	105	95	牛魔侍卫	150	40	10
D2075	105	95	牛魔法师	150	40	10
D2075	105	95	牛魔将军	150	6	10
D2075	105	95	牛魔战士0	150	2	60
D2075	105	95	牛魔斗士0	150	2	60
D2075	105	95	牛魔侍卫0	150	1	60
D2075	105	95	牛魔法师0	150	1	60



D2076	90	105	牛魔战士	150	80	10
D2076	90	105	牛魔斗士	150	80	10
D2076	90	105	牛魔侍卫	150	60	10
D2076	90	105	牛魔法师	150	40	10
D2076	90	105	牛魔将军	150	20	10
D2076	90	105	牛魔战士0	150	4	60
D2076	90	105	牛魔斗士0	150	4	60
D2076	90	105	牛魔侍卫0	150	2	60
D2076	90	105	牛魔法师0	150	2	60
D2076	90	105	牛魔将军0	150	2	60
D2076	90	105	宝箱1	150	2	60
D2076	90	105	宝箱3	150	2	60
D2076	90	105	宝箱6	150	1	60
D2076	90	105	牛魔战士	150	40	10
D2076	90	105	牛魔斗士	150	40	10
D2076	90	105	牛魔侍卫	150	40	10
D2076	90	105	牛魔法师	150	30	10
D2076	90	105	牛魔将军	150	20	10
D2076	90	105	牛魔战士0	150	2	60
D2076	90	105	牛魔斗士0	150	2	60
D2076	90	105	牛魔侍卫0	150	1	60
D2076	90	105	牛魔法师0	150	1	60
D2076	90	105	牛魔将军0	150	1	60


D2078	150	150	牛魔战士	120	60	10
D2078	150	150	牛魔斗士	120	60	10
D2078	150	150	牛魔侍卫	120	60	10
D2078	150	150	牛魔法师	120	60	10
D2078	150	150	牛魔将军	120	30	10
D2078	150	150	牛魔祭司	120	30	10
D2078	150	150	牛魔战士0	120	2	60
D2078	150	150	牛魔斗士0	120	2	60
D2078	150	150	牛魔侍卫0	120	2	60
D2078	150	150	牛魔法师0	120	2	60
D2078	150	150	牛魔将军0	120	2	60
D2078	150	150	牛魔祭司0	120	2	60
D2078	150	150	牛魔侍卫	120	60	10
D2078	150	150	牛魔法师	120	40	10
D2078	150	150	牛魔将军	120	20	10
D2078	150	150	牛魔祭司	120	20	10
D2078	150	150	牛魔战士0	120	2	60
D2078	150	150	牛魔斗士0	120	2	60


D2079	50	50	牛魔侍卫	70	20	10
D2079	50	50	牛魔将军	70	20	18
D2079	50	50	牛魔祭司	70	20	18
D2079	50	50	牛魔斗士	120	20	10
D2079	50	50	牛魔侍卫	120	20	10
D2079	50	50	牛魔法师	120	20	10
D2079	50	50	牛魔侍卫	70	20	10
D2079	50	50	牛魔法师	70	20	16
D2079	50	50	牛魔将军	70	25	18
D2079	50	50	牛魔祭司	70	25	18
D2079	50	50	牛魔侍卫	70	20	16
D2079	50	50	牛魔法师	70	20	16
D2079	50	50	牛魔将军	70	25	18
D2079	50	50	牛魔祭司	70	25	18
D2079	50	50	牛魔侍卫0	70	4	60
D2079	50	50	牛魔法师0	70	4	60
D2079	50	50	牛魔将军0	70	2	60
D2079	50	50	牛魔祭司0	70	2	60
D2079	50	50	牛魔王	1	1	120
D2079	50	50	暗之牛魔王	1	1	120
D2079	50	50	魔龙教主	0	1	60
D2079	50	50	魔龙教主	10	1	60
D2079	50	50	暗之魔龙教主	10	1	120

anzhijiao	19	24	暗之祖玛教主	0	1	180
anzhijiao	15	18	月魔蜘蛛	12	5	7
anzhijiao	13	18	月魔蜘蛛	12	7	6
anzhijiao	13	18	月魔蜘蛛	12	7	6
anzhijiao	13	18	钢牙蜘蛛	12	10	6
anzhijiao	13	18	暴牙蜘蛛	12	9	6
anzhijiao	15	21	黑锷蜘蛛	12	5	7
anzhijiao	16	19	血巨人	12	5	7
anzhijiao	16	19	血僵尸	12	7	6
anzhijiao	15	18	双头血魔	12	1	180
anzhijiao	15	18	双头金刚	12	1	180




1002	15	18	虎卫	5	2	120

;-----------------------------------------------------
;魔龙	
;-----------------------------------------------------
6	150	150	魔龙邪眼	250	20	15
6	150	150	魔龙邪眼	250	20	15
6	150	150	魔龙血蛙	250	20	15
6	150	150	魔龙血蛙	250	20	15
6	150	150	魔龙血蛙0	250	2	15
6	150	150	魔龙血蛙	250	20	10
6	150	150	魔龙射手	250	20	5
6	150	150	魔龙射手	250	20	5
6	150	150	魔龙射手0	250	4	10
6	150	150	魔龙刺蛙	250	15	5
6	150	150	魔龙刺蛙	250	15	5
6	150	150	魔龙刺蛙0	250	2	5

;地图名：魔龙东郊
61	150	150	魔龙刀兵	250	20	5
61	150	150	魔龙刀兵0	250	2	5
61	150	150	魔龙刀兵	250	20	10
61	150	150	魔龙刀兵0	250	2	10
61	150	150	魔龙破甲兵	250	20	5
61	150	150	魔龙破甲兵0	250	2	5
61	150	150	魔龙破甲兵	250	20	10
61	150	150	魔龙破甲兵0	250	2	10
61	150	150	魔龙刀兵	250	20	10
61	150	150	魔龙破甲兵	250	20	10

;地图名：魔龙西郊
62	150	150	魔龙刀兵	250	25	5
62	150	150	魔龙刀兵	250	25	10
62	150	150	魔龙破甲兵	250	25	5
62	150	150	魔龙破甲兵	250	25	10
62	150	150	魔龙刀兵	250	25	10
62	150	150	魔龙破甲兵	250	25	10

;地图名：东林间胜地
611	150	150	魔龙刀兵	250	25	5
611	150	150	魔龙破甲兵0	250	5	5
611	150	150	魔龙刀兵	250	25	10
611	150	150	魔龙刀兵0	250	5	20
611	150	150	魔龙破甲兵	250	25	5
611	150	150	魔龙破甲兵	250	25	10
611	150	150	魔龙破甲兵	250	25	20
611	150	150	魔龙射手	250	25	5
611	150	150	魔龙射手	250	25	10
611	150	150	魔龙射手0	250	5	20

;地图名：魔龙旧寨
612	150	150	魔龙刀兵	250	25	5
612	150	150	魔龙刀兵	250	25	10
612	150	150	魔龙刀兵0	250	5	20
612	150	150	魔龙破甲兵	250	25	5
612	150	150	魔龙破甲兵	250	25	10
612	150	150	魔龙破甲兵0	250	5	20
612	150	150	魔龙射手	250	25	5
612	150	150	魔龙射手	250	25	10
612	150	150	魔龙射手0	250	5	20

;地图名：魔龙祭坛
613	150	150	魔龙刀兵	250	25	5
613	150	150	魔龙刀兵	250	35	10
613	150	150	魔龙刀兵0	250	2	5
613	150	150	魔龙破甲兵	250	25	5
613	150	150	魔龙破甲兵	250	35	10
613	150	150	魔龙破甲兵0	250	3	10
613	150	150	魔龙射手	250	25	5
613	150	150	魔龙射手	250	25	10
613	150	150	魔龙射手0	250	2	10

;地图名：西林间胜地
621	150	150	魔龙刀兵	250	15	5
621	150	150	魔龙刀兵	250	15	10
621	150	150	魔龙刀兵0	250	1	10
621	150	150	魔龙破甲兵	250	15	5
621	150	150	魔龙破甲兵	250	15	10
621	150	150	魔龙破甲兵0	250	1	10
621	150	150	魔龙射手	250	15	5
621	150	150	魔龙射手	250	15	10
621	150	150	魔龙射手0	250	1	10

;地图名：魔龙沼泽
622	252	96	魔龙邪眼0	0	1	120
622	150	150	魔龙刀兵	250	25	5
622	150	150	魔龙刀兵	250	35	10
622	150	150	魔龙刀兵0	250	3	10
622	150	150	魔龙破甲兵	250	25	5
622	150	150	魔龙破甲兵	250	35	10
622	150	150	魔龙破甲兵0	250	3	10
622	150	150	魔龙射手	250	25	5
622	150	150	魔龙射手	250	35	10
622	150	150	魔龙射手0	250	3	10
;━━━━━━━━━━━━━━━━━━━━━━━━━━━━━━━━ 
;地图名：神龙大殿

EM100	13	16	暗之魔龙战将	5	1	30
EM100	13	16	暗之魔龙力士	5	1	30
EM100	13	16	暗之魔龙巨蛾	5	1	30
EM100	12	16	魔影巨人	5	1	60
EM100	12	16	魔龙教主	5	1	60
EM100	12	16	暗之魔龙教主	5	1	60
EM100	14	17	黄金神龙1	2	1	120
;━━━━━━━━━━━━━━━━━━━━━━━━━━━━━━━━ 
;地图名：魔龙岭
63	150	150	魔龙刀兵	250	25	5
63	150	150	魔龙刀兵	250	25	10
63	150	150	魔龙刀兵0	250	25	10
63	150	150	魔龙刀兵0	250	5	20
63	150	150	魔龙破甲兵	250	25	5
63	150	150	魔龙破甲兵	250	25	10
63	150	150	魔龙破甲兵0	250	25	10
63	150	150	魔龙破甲兵2	250	5	10
63	150	150	魔龙射手	250	25	5
63	150	150	魔龙射手	250	25	10
63	150	150	魔龙射手0	250	25	10
63	150	150	魔龙射手0	250	5	20

;地图名：东魔龙关
632	26	37	魔龙刀兵0	10	10	10
632	26	37	魔龙破甲兵0	10	10	10
632	26	37	魔龙射手0	10	10	10

632	26	37	魔龙刀兵	10	10	10
632	26	37	魔龙破甲兵	10	10	10
632	26	37	魔龙射手	10	10	10



632	150	150	魔龙刀兵	250	25	5
632	150	150	魔龙刀兵1	250	25	10
632	150	150	魔龙刀兵0	250	25	10
632	150	150	魔龙刀兵0	250	5	20
632	150	150	魔龙破甲兵1	250	25	5
632	150	150	魔龙破甲兵	250	25	10
632	150	150	魔龙破甲兵0	250	25	10
632	150	150	魔龙破甲兵0	250	5	10
632	150	150	魔龙射手	250	25	5
632	150	150	魔龙射手	250	25	10
632	150	150	魔龙射手0	250	25	10
632	150	150	魔龙射手1	250	5	20

;地图名：西魔龙关
631	96	24	魔龙刀兵0	10	5	5
631	96	24	魔龙破甲兵0	10	5	5
631	96	24	魔龙射手0	10	5	5


631	96	24	魔龙刀兵	10	5	5
631	96	24	魔龙破甲兵	10	5	5
631	96	24	魔龙射手	10	5	5


631	96	24	魔龙刀兵	10	5	5
631	96	24	魔龙破甲兵	10	5	5
631	96	24	魔龙射手	10	5	5

631	150	150	魔龙刀兵	250	15	5
631	150	150	魔龙刀兵	250	10	10
631	150	150	魔龙刀兵1	250	15	10
631	150	150	魔龙刀兵0	250	5	20
631	150	150	魔龙破甲兵	250	10	5
631	150	150	魔龙破甲兵	250	10	10
631	150	150	魔龙破甲兵1	250	15	10
631	150	150	魔龙破甲兵0	250	5	10
631	150	150	魔龙射手	250	15	5
631	150	150	魔龙射手	250	15	10
631	150	150	魔龙射手1	250	15	10
631	150	150	魔龙射手0	250	5	20

;地图名：魔龙谷
64	150	150	魔龙刀兵	250	25	5
64	150	150	魔龙刀兵	250	25	10
64	150	150	魔龙刀兵0	250	25	10
64	150	150	魔龙刀兵1	250	5	20
64	150	150	魔龙破甲兵	250	25	5
64	150	150	魔龙破甲兵	250	25	10
64	150	150	魔龙破甲兵0	250	25	10
64	150	150	魔龙破甲兵1	250	5	10
64	150	150	魔龙射手	250	25	5
64	150	150	魔龙射手	250	25	10
64	150	150	魔龙射手0	250	25	10
64	150	150	魔龙射手1	250	5	20

;地图名：龙源血路
65	150	150	魔龙刀兵	250	45	5
65	150	150	魔龙刀兵	250	45	10
65	150	150	魔龙刀兵0	250	45	10
65	150	150	魔龙刀兵1	250	5	20
65	150	150	魔龙破甲兵	250	45	5
65	150	150	魔龙破甲兵	250	45	10
65	150	150	魔龙破甲兵0	250	45	10
65	150	150	魔龙破甲兵1	250	5	10
65	150	150	魔龙射手	250	45	5
65	150	150	魔龙射手	250	45	10
65	150	150	魔龙射手0	250	45	10
65	150	150	魔龙射手1	250	5	20
65	150	150	魔龙力士	250	2	15
65	150	150	魔龙力士	250	1	30
65	150	150	魔龙战将	250	2	15
65	150	150	魔龙巨蛾	250	1	30
65	150	150	魔龙巨蛾	250	2	15
65	150	150	魔龙战将	250	1	30

;地图名：魔龙血域
66	150	150	魔龙刀兵	250	50	5
66	150	150	魔龙刀兵	250	50	10
66	150	150	魔龙刀兵0	250	25	10
66	150	150	魔龙刀兵1	250	5	20
66	150	150	魔龙破甲兵	250	50	5
66	150	150	魔龙破甲兵	250	50	10
66	150	150	魔龙破甲兵0	250	25	10
66	150	150	魔龙破甲兵1	250	5	10
66	150	150	魔龙射手	250	50	5
66	150	150	魔龙射手	250	50	10
66	150	150	魔龙射手0	250	25	10
66	150	150	魔龙射手1	250	15	20
66	150	150	魔龙力士0	250	1	20
66	150	150	魔龙力士	250	1	120
66	150	150	魔龙巨蛾	250	1	120
66	150	150	魔龙巨蛾0	250	1	20
66	150	150	魔龙战将	250	1	120
66	150	150	魔龙战将0	250	1	20
66	206	69	魔龙教主	0	1	60
66	212	71	暗之魔龙教主	0	1	120

;地图名：BOSS之家
BSZJ	140	135	红野猪	200	2	20
BSZJ	140	135	邪恶钳虫	200	2	20
BSZJ	140	135	白野猪	200	10	20
BSZJ	140	135	牛魔法师	200	20	10
BSZJ	140	135	虹魔猪卫	200	1	91
BSZJ	140	135	魔龙教主	200	1	60
BSZJ	140	135	牛魔将军	200	35	10
BSZJ	140	135	牛魔祭司	200	35	10
BSZJ	140	135	牛魔侍卫	200	50	10
BSZJ	140	135	牛魔法师	200	20	10
BSZJ	140	135	牛魔王	200	1	54
BSZJ	140	135	暗之牛魔王	200	1	55
BSZJ	140	135	祖玛雕像3	200	50	8
BSZJ	140	135	祖玛卫士3	200	50	8
BSZJ	140	135	祖玛弓箭手3	200	50	8
BSZJ	140	135	双头血魔	120	1	85
BSZJ	140	135	双头金刚	120	1	75
BSZJ	140	135	赤月恶魔	120	1	77
BSZJ	140	135	祖玛教主	220	1	59
BSZJ	140	135	黄泉教主	220	1	58

BSZJ	140	135	虹魔教主	220	1	56
BSZJ	140	135	重装使者7	220	1	57

;地图名：BOSS之家
BSZJ1	50	50	寒冰神龙	0	1	120
BSZJ1	50	50	红野猪	100	20	20
BSZJ1	50	50	白野猪	100	5	20
BSZJ1	50	50	牛魔法师	100	20	10
BSZJ1	50	50	魔龙教主	100	1	60
BSZJ1	50	50	暗之魔龙教主	100	1	120
BSZJ1	50	50	魔影巨人	100	1	120
BSZJ1	50	50	魔龙力士	100	2	30
BSZJ1	50	50	魔龙巨蛾	100	2	30
BSZJ1	50	50	魔龙战将	100	2	30
BSZJ1	50	50	暗之魔龙力士	100	1	15
BSZJ1	50	50	暗之魔龙巨蛾	100	1	15
BSZJ1	50	50	暗之魔龙战将	100	1	15
BSZJ1	50	50	牛魔将军	100	15	15
BSZJ1	50	50	牛魔祭司	100	15	10
BSZJ1	50	50	牛魔侍卫	100	40	15
BSZJ1	50	50	牛魔法师	100	40	10
BSZJ1	50	50	牛魔王		100	1	60
BSZJ1	50	50	暗之牛魔王	100	1	60
BSZJ1	50	50	祖玛雕像3	100	20	60
BSZJ1	50	50	祖玛卫士3	100	20	15
BSZJ1	50	50	祖玛弓箭手3	100	20	30
BSZJ1	50	50	祖玛雕像3	100	20	30
BSZJ1	50	50	祖玛卫士3	100	20	30
BSZJ1	50	50	祖玛弓箭手3	100	20	15
BSZJ1	50	50	双头血魔	100	1	60
BSZJ1	50	50	双头金刚	100	1	60
BSZJ1	50	50	祖玛教主	100	1	60
BSZJ1	50	50	黄泉教主	100	1	60
BSZJ1	50	50	虹魔教主	100	1	60
BSZJ1	50	50	重装使者7	100	1	120
BSZJ1	50	50	魔龙刀兵	100	16	15
BSZJ1	50	50	魔龙刀兵	100	15	30
BSZJ1	50	50	魔龙破甲兵	100	15	15
BSZJ1	50	50	魔龙破甲兵	100	15	30
BSZJ1	50	50	魔龙射手	100	15	15
BSZJ1	50	50	魔龙射手	100	15	30





;地图名：幻境一层
H001	75	75	恶灵僵尸	75	20	20
H001	75	75	恶灵僵尸	75	20	20
H001	75	75	恶灵僵尸	75	20	20
H001	75	75	恶灵僵尸	75	20	20
H001	75	75	恶灵尸王	75	20	20
H001	75	75	恶灵僵尸	75	20	20
H001	75	75	恶灵僵尸	75	20	20
H001	75	75	宝箱	75	10	40
H001	75	75	尸王	75	2	30
H001	75	75	尸王	75	2	30
H001	75	75	骷髅精灵	75	2	15
H001	75	75	骷髅精灵	75	2	15
H001	75	75	骷髅精灵	75	2	15	

;━━━━━━━━━━━━━━━━━━━━━━━━━━━━━━━━	
;地图名：幻境二层
H002	251	41	红野猪	30	20	10
H002	321	72	红野猪	30	20	10
H002	363	146	红野猪	30	20	10
H002	172	59	红野猪	30	20	10
H002	210	93	红野猪	30	20	10
H002	262	140	红野猪	30	20	10
H002	309	19	红野猪	30	20	10
H002	350	303	红野猪	30	20	10
H002	111	105	红野猪	30	20	10
H002	158	149	红野猪	30	20	10
H002	200	200	红野猪	30	20	10
H002	255	306	红野猪	30	20	10
H002	287	286	红野猪	30	20	10
H002	56	158	红野猪	30	20	10
H002	153	237	红野猪	30	20	10
H002	112	250	红野猪	30	20	10
H002	114	314	红野猪	30	20	10
H002	304	340	红野猪	30	20	10
H002	251	41	黑野猪	30	20	10
H002	321	72	黑野猪	30	20	10
H002	363	146	黑野猪	30	20	10
H002	172	59	黑野猪	30	20	10
H002	210	93	黑野猪	30	20	10
H002	262	140	黑野猪	30	20	10
H002	309	19	黑野猪	30	20	10
H002	350	303	黑野猪	30	20	10
H002	111	105	黑野猪	30	20	10
H002	158	149	黑野猪	30	20	10
H002	200	200	黑野猪	30	20	10
H002	255	306	黑野猪	30	20	10
H002	287	286	黑野猪	30	20	10
H002	56	158	黑野猪	30	20	10
H002	153	237	黑野猪	30	20	10
H002	112	250	黑野猪	30	20	10
H002	114	314	黑野猪	30	20	10
H002	304	340	黑野猪	30	20	10
H002	251	41	红野猪	30	20	10
H002	321	72	红野猪	30	20	10
H002	363	146	红野猪	30	20	10
H002	172	59	红野猪	30	20	10
H002	210	93	黑野猪	30	20	10
H002	262	140	黑野猪	30	20	10
H002	309	19	黑野猪	30	20	10
H002	350	303	黑野猪	30	20	10
H002	111	105	黑野猪	30	20	10
H002	158	149	红野猪	30	20	10
H002	200	200	红野猪	30	20	10
H002	255	306	红野猪	30	20	10
H002	287	286	红野猪	30	20	10
H002	56	158	红野猪	30	20	10
H002	153	237	红野猪	30	20	10
H002	112	250	黑野猪	30	20	10
H002	114	314	黑野猪	30	20	10
H002	304	340	黑野猪	30	20	10
H002	200	200	楔蛾	200	20	10
H002	200	200	蝎蛇	200	20	10	

;━━━━━━━━━━━━━━━━━━━━━━━━━━━━━━━━	
;地图名：幻境三层
H003	40	40	沃玛勇士	20	15	15
H003	40	40	沃玛战将	20	15	15
H003	40	40	火焰沃玛	20	15	15
H003	40	40	沃玛战士	20	15	15
H003	50	50	沃玛勇士	20	15	15
H003	60	60	沃玛勇士	20	15	15
H003	60	60	沃玛战将	20	15	15
H003	60	60	火焰沃玛	20	15	15
H003	60	60	沃玛战士	20	15	15
H003	40	50	沃玛战将	20	15	15
H003	40	50	火焰沃玛	20	15	15
H003	40	50	沃玛战将	20	15	15
H003	50	40	沃玛勇士	20	15	15
H003	50	40	沃玛战将	20	15	15
H003	50	40	火焰沃玛	20	15	15
H003	50	40	沃玛战士	20	15	15
H003	60	50	沃玛勇士	20	15	15
H003	60	50	沃玛战将	20	15	15
H003	60	50	火焰沃玛	20	15	15
H003	60	50	沃玛战士	20	15	15
H003	50	60	沃玛勇士	20	15	15
H003	50	60	沃玛战将	20	15	15
H003	50	60	火焰沃玛	20	15	15
H003	50	60	沃玛战士	20	15	15
H003	20	21	沃玛勇士	7	15	15
H003	20	21	沃玛战将	7	15	15
H003	20	21	火焰沃玛	7	15	15
H003	20	21	沃玛战士	7	15	15
H003	40	40	沃玛勇士	20	10	30
H003	40	40	沃玛战将	20	10	30
H003	40	40	火焰沃玛	20	10	30
H003	40	40	沃玛战士	20	10	30
H003	50	50	沃玛勇士	20	10	30
H003	60	60	沃玛勇士	20	10	30
H003	60	60	沃玛战将	20	10	30
H003	60	60	火焰沃玛	20	10	30
H003	60	60	沃玛战士	20	10	30
H003	40	50	沃玛战将	20	10	30
H003	40	50	火焰沃玛	20	10	30
H003	40	50	沃玛战将	20	10	30
H003	50	40	沃玛勇士	20	10	30
H003	50	40	沃玛战将	20	10	30
H003	50	40	火焰沃玛	20	10	30
H003	50	40	沃玛战士	20	10	30
H003	60	50	沃玛勇士	20	10	30
H003	60	50	沃玛战将	20	10	30
H003	60	50	火焰沃玛	20	10	30
H003	60	50	沃玛战士	20	10	30
H003	50	60	沃玛勇士	20	10	30
H003	50	60	沃玛战将	20	10	30
H003	50	60	火焰沃玛	20	10	30
H003	50	60	沃玛战士	20	10	30
H003	20	21	沃玛勇士	7	10	30
H003	20	21	沃玛战将	7	10	30
H003	20	21	火焰沃玛	7	10	30
H003	20	21	沃玛战士	7	10	30
H003	50	50	沃玛卫士	30	2	30	
;━━━━━━━━━━━━━━━━━━━━━━━━━━━━━━━━	
;地图名：幻境四层
H004	19	39	黑色恶蛆	70	20	7
H004	97	81	黑色恶蛆	70	20	7
H004	57	166	黑色恶蛆	70	20	7
H004	178	127	黑色恶蛆	70	20	7
H004	19	39	巨型蠕虫	70	20	7
H004	97	81	巨型蠕虫	70	20	7
H004	57	166	巨型蠕虫	70	20	7
H004	178	127	巨型蠕虫	70	20	7
H004	19	39	跳跳蜂	70	20	7
H004	97	81	跳跳蜂	70	20	7
H004	57	166	跳跳蜂	70	20	7
H004	178	127	跳跳蜂	70	20	7
H004	19	39	钳虫	70	20	7
H004	97	81	钳虫	70	20	7
H004	57	166	钳虫	70	20	7
H004	178	127	钳虫	70	20	7
H004	100	100	钳虫	100	10	10
H004	100	100	钳虫	100	10	10
H004	100	100	蜈蚣	100	70	7
H004	100	100	蜈蚣	100	10	10
H004	100	100	蜈蚣	100	10	10
H004	100	100	邪恶钳虫	100	2	60
H004	100	100	蜈蚣	50	2	20
H004	100	100	巨型蠕虫	50	2	20
H004	100	100	钳虫	50	2	20	

H004	83	168	变异史莱姆	70	1	40	
;━━━━━━━━━━━━━━━━━━━━━━━━━━━━━━━━	
;地图名：幻境五层
H005	200	190	骷髅锤兵	100	20	8
H005	200	190	骷髅长枪兵	100	20	8
H005	145	80	骷髅刀斧手	100	20	8
H005	145	80	骷髅弓箭手	100	20	10
H005	100	125	骷髅刀斧手	100	20	8
H005	100	125	骷髅锤兵	100	20	10
H005	200	190	骷髅弓箭手	100	20	20
H005	100	125	骷髅长枪兵	100	20	20
H005	100	145	骷髅长枪兵	100	20	8
H005	100	145	骷髅刀斧手	100	20	10
H005	100	140	骷髅刀斧手	100	20	60
H005	200	190	骷髅刀斧手	100	20	10
H005	100	125	骷髅锤兵	100	20	20
H005	100	125	骷髅刀斧手	100	20	10
H005	100	125	骷髅长枪兵	100	20	20
H005	100	125	黄泉教主	100	1	60
;━━━━━━━━━━━━━━━━━━━━━━━━━━━━━━━━	
;地图名：幻境六层
H006	50	50	黑色恶蛆	100	30	15
H006	50	50	黑色恶蛆	100	30	15
H006	50	50	楔蛾	100	30	15
H006	50	50	楔蛾	100	30	15
H006	50	50	楔蛾	100	30	15
H006	50	50	黑色恶蛆	100	30	15
H006	50	50	黑色恶蛆	100	30	15
H006	50	50	楔蛾	100	30	15
H006	50	50	楔蛾	100	30	15
H006	50	50	楔蛾	100	30	15
H006	50	50	黑色恶蛆	100	30	15
H006	50	50	黑色恶蛆	100	30	15
H006	50	50	楔蛾	100	30	15
H006	50	50	楔蛾	100	30	15
H006	50	50	楔蛾	100	30	15
H006	50	50	黑色恶蛆	100	30	15
H006	50	50	黑色恶蛆	100	30	15
H006	50	50	楔蛾	100	30	15
H006	50	50	楔蛾	100	30	15
H006	50	50	楔蛾	100	30	15
H006	50	50	黑色恶蛆	100	30	30
H006	50	50	黑色恶蛆	100	30	30
H006	50	50	楔蛾	100	30	30
H006	50	50	楔蛾	100	30	30
H006	50	50	楔蛾	100	30	30
H006	50	50	黑色恶蛆	100	30	10
H006	50	50	黑色恶蛆	100	30	30
H006	50	50	楔蛾	100	30	30
H006	50	50	楔蛾	100	30	30
H006	50	50	楔蛾	100	30	30
H006	50	50	黑色恶蛆	100	30	10
H006	50	50	黑色恶蛆	100	30	30
H006	50	50	楔蛾	100	30	30
H006	50	50	楔蛾	100	30	30
H006	50	50	楔蛾	100	30	30
H006	50	50	黑色恶蛆	100	30	30
H006	50	50	黑色恶蛆	100	30	30
H006	50	50	楔蛾	100	30	30
H006	50	50	楔蛾	100	30	30
H006	50	50	楔蛾	100	30	30
H006	100	100	白野猪	100	5	30
H006	100	100	白野猪	100	5	30
H006	100	100	白野猪	100	5	30
H006	100	100	白野猪	100	2	30
H006	100	100	白野猪	100	2	30
H006	100	100	邪恶毒蛇	100	1	60
H006	81	27	石墓尸王	0	1	30

;━━━━━━━━━━━━━━━━━━━━━━━━━━━━━━━━	
;地图名：幻境七层
H007	100	100	祖玛弓箭手	100	40	10
H007	100	100	祖玛雕像	100	40	10
H007	100	100	祖玛卫士	100	40	10
H007	100	100	楔蛾	100	40	10	
H007	100	100	祖玛弓箭手	100	20	10
H007	100	100	祖玛雕像3	100	20	10
H007	100	100	祖玛卫士3	100	50	10
H007	100	100	祖玛卫士	100	20	10
H007	100	100	祖玛弓箭手3	100	50	10
H007	100	100	祖玛弓箭手	100	20	10
H007	100	100	祖玛卫士3	100	50	10
H007	100	100	祖玛卫士	100	2	10
H007	100	100	祖玛雕像	100	20	10	
H007	101	94	祖玛教主	1	1	60
H007	139	151	魔影巨人	0	1	120

H007	118	13	暗之魔龙教主	1	1	120
;━━━━━━━━━━━━━━━━━━━━━━━━━━━━━━━━	
;地图名：幻境迷宫
T2061	19	24	楔蛾	5	1	10
T2061	19	24	楔蛾	5	1	10
T2061	19	24	电僵王	5	1	10
T2062	19	24	楔蛾	5	1	10
T2062	19	24	楔蛾	5	1	10
T2062	19	24	电僵王	5	1	10
T2063	19	24	楔蛾	5	1	10
T2063	19	24	楔蛾	5	1	10
T2063	19	24	电僵王	5	1	10
T3061	19	24	楔蛾	5	1	10
T3061	19	24	楔蛾	5	1	10
T3061	19	24	电僵王	5	1	10
T3062	19	24	楔蛾	5	1	10
T3062	19	24	楔蛾	5	1	10
T3062	19	24	电僵王	5	1	10
T3063	19	24	楔蛾	5	1	10
T3063	19	24	楔蛾	5	1	10
T3063	19	24	电僵王	5	1	10	
T1061	19	24	楔蛾	5	1	10
T1061	19	24	楔蛾	5	1	10
T1061	19	24	电僵王	5	1	10
;━━━━━━━━━━━━━━━━━━━━━━━━━━━━━━━━	
;地图名：幻境八层
H008	61	26	祖玛雕像3	10	15	10
H008	61	26	祖玛雕像3	10	15	10
H008	40	45	祖玛卫士3	20	15	10
H008	40	45	祖玛卫士3	20	15	10
H008	40	45	祖玛弓箭手3	50	15	10
H008	40	45	祖玛弓箭手3	50	15	10
H008	40	45	祖玛弓箭手	50	10	10
H008	26	58	祖玛雕像3	10	10	10
H008	26	58	祖玛雕像	10	10	10
H008	20	45	祖玛卫士3	10	15	10
H008	20	45	祖玛卫士	10	10	10
H008	40	25	祖玛卫士	10	10	10
H008	40	25	祖玛卫士	10	10	10
H008	65	35	祖玛雕像3	10	15	10
H008	65	35	祖玛雕像	10	10	10
H008	40	65	祖玛雕像	10	10	10
H008	40	65	祖玛雕像	10	15	10
H008	40	45	楔蛾	60	30	10	
H008	40	45	虹魔蝎卫	30	1	30
H008	40	45	虹魔猪卫	30	1	30
H008	40	45	虹魔蝎卫	30	2	30
H008	40	45	虹魔猪卫	30	2	30
H008	25	29	虹魔教主	10	1	60	

;━━━━━━━━━━━━━━━━━━━━━━━━━━━━━━━━	
;地图名：幻境九层
H009	128	91	月魔蜘蛛	200	30	10
H009	128	91	天狼蜘蛛	200	30	8
H009	128	91	钢牙蜘蛛	200	30	10
H009	128	91	花吻蜘蛛	200	30	10
H009	128	91	黑锷蜘蛛	200	20	12	
H009	242	152	月魔蜘蛛	150	30	10
H009	242	152	天狼蜘蛛	150	30	8
H009	242	152	钢牙蜘蛛	150	30	10
H009	242	152	花吻蜘蛛	150	30	10
H009	242	152	黑锷蜘蛛	150	35	12	
H009	66	208	月魔蜘蛛	150	30	10
H009	66	208	天狼蜘蛛	150	30	8
H009	66	208	钢牙蜘蛛	150	30	10
H009	66	208	花吻蜘蛛	150	30	10
H009	66	208	黑锷蜘蛛	150	5	12	
H009	128	91	血巨人	200	5	20
H009	128	91	血巨人	200	5	20
H009	128	91	血僵尸	200	5	20
H009	128	91	血僵尸	200	5	20
H009	128	91	月魔蜘蛛	200	5	10
H009	128	91	双头血魔	200	2	60
H009	128	91	双头金刚	200	2	60
H009	128	91	双头金刚	200	3	30
;━━━━━━━━━━━━━━━━━━━━━━━━━━━━━━━━	
;地图名：屠龙殿
H010	205	210	牛头侍卫	200	35	10
H010	205	210	牛魔法师	200	35	10
H010	205	210	牛魔将军	200	35	10
H010	205	210	牛魔侍卫	200	35	10
H010	205	210	牛魔法师	200	35	10
H010	205	210	牛魔祭司	200	35	30
H010	205	210	牛魔将军	200	20	30
H010	205	210	牛魔将军	200	10	30
H010	205	210	牛魔祭司	200	15	30
H010	205	210	牛魔法师	200	35	10
H010	205	210	牛魔祭司	200	35	10
H010	205	210	牛魔将军	200	35	10
H010	205	210	牛魔侍卫	200	35	10
H010	205	210	牛魔法师	200	35	10	
H010	326	327	赤月恶魔	0	1	60
H010	368	34	黄泉教主	0	1	60
H010	53	56	牛魔王	0	1	60
H010	26	372	虹魔教主	0	1	60
H010	205	210	双头金刚	200	3	60
H010	205	210	双头血魔	200	3	60
H010	205	210	暗之双头金刚	200	3	60
H010	205	210	暗之双头血魔	200	3	60
H010	205	210	暗之黄泉教主	200	3	60
H010	205	210	暗之虹魔教主	200	3	60
H010	205	210	暗之骷髅精灵	200	3	60
H010	205	210	暗之沃玛教主	200	3	60
H010	322	332	魔龙教主	0	1	60
H010	50	50	暗之魔龙教主	0	1	120
H010 205 210 重装使者     200  1 60
;━━━━━━━━━━━━━━━━━━━━━━━━━━━━━━━━	



;━━━━━━━━━━━━━━━━━━━━━━━━━━━━━━━━	
;地图名：王者禁地
H106	75	114	暗之双头金刚	150	1	60
H106	75	114	暗之双头血魔	150	1	60
H106	75	114	暗之黄泉教主	150	1	60
H106	75	114	暗之虹魔教主	150	1	60
H106	75	114	暗之骷髅精灵	150	1	60
H106	75	114	暗之沃玛教主	150	1	60
H106	93	99	魔龙教主	0	1	60
H006	79	29	石墓尸王	0	1	40
H106	75	114	蝎子王	150	45	20
H106	75	114	蜈蚣王	150	45	30
H106	75	114	钉耙猫王	150	45	30
H106	75	114	多钩猫王	150	45	30
H106	75	114	虎蛇王	150	45	20
H106	75	114	地狱犬	150	45	20
H106	75	114	电僵王	150	45	30
H106	75	114	楔蛾王	150	45	30
H106	75	114	红蛇王	150	45	30
H106	75  	114    千年尸王   150	3	30
H106	75  	114    重装使者   150	1	60
H106	105	104	暗之魔龙教主	0	1	120
H106	100	100	魔影巨人	0	1	120

;━━━━━━━━━━━━━━━━━━━━━━━━━━━━━━━━



;━━━━━━━━━━━━━━━━━━━━━━━━━━━━━━━━
;地图名：影之道二层
H202	100	100	祖玛卫士3	100	10	30
H202	100	100	祖玛卫士3	100	10	30
H202	100	100	祖玛卫士3	100	10	30
H202	100	100	祖玛弓箭手3	100	10	30
H202	100	100	祖玛弓箭手3	100	10	30
H202	100	100	祖玛雕像3	100	10	30
H202	100	100	祖玛雕像3	100	10	30
;━━━━━━━━━━━━━━━━━━━━━━━━━━━━━━━━	

;地图名：影之道三层
H203	100	100	祖玛卫士3	100	10	30
H203	100	100	祖玛卫士3	100	10	30
H203	100	100	祖玛卫士3	100	10	30
H203	100	100	祖玛弓箭手3	100	10	30
H203	100	100	祖玛雕像3	100	10	30
H203	100	100	祖玛雕像3	100	10	30
H203	100	100	祖玛弓箭手3	100	10	30
H203	100	50	祖玛教主	140	1	60
;━━━━━━━━━━━━━━━━━━━━━━━━━━━━━━━━	

;地图名：沙巴克藏宝阁
H204  100 100   重装使者  	  20    1    60
H204	100	100	地藏王	50	1	60	
H204	100	100	沃玛教主	140	1	60
H204	100	100	黄泉教主	100	1	60
H204	100	100	虹魔教主	100	1	60
H204	100	100	双头血魔	140	1	60
H204	100	100	双头金刚	100	1	60
H204	100	100	暗之沃玛教主	100	1	60
H204	100	100	暗之黄泉教主	100	1	60
H204	100	100	暗之虹魔教主	100	1	60
H204	100	100	暗之双头血魔	100	1	60
H204	100	100	暗之双头金刚	100	1	60
H204	100	100	暗之骷髅精灵	100	1	60
H204	100	100	虹魔猪卫	100	2	40
H204	100	100	虹魔蝎卫	100	2	35
H204	100	100	邪恶毒蛇	100	5	35
H204	100	100	白野猪	100	5	35
H204	100	100	沃玛卫士	100	6	40
H204	100	100	祖玛卫士3	100	20	35
H204	100	100	祖玛雕像3	100	10	35
H204	100	100	祖玛弓箭手3	100	30	35
H204	100	100	暗之魔龙教主	0	1	120
H204	100	100	魔龙教主	0	1	60
;━━━━━━━━━━━━━━━━━━━━━━━━━━━━━━━━



;－－－BOSS之家－－－－－－－－－－－－－－－－－－－－－－－
BOSSG	20	22	暗之魔龙教主	0	1	60
BOSSG	20	22	魔龙教主	5	1	60
BOSSG	20	22	魔影巨人	5	1	60
BOSSG	20	22	暗之牛魔王	50	1	30
BOSSG	20	22	地藏王	50	1	60
BOSSG	20	22	牛魔王	50	1	30
BOSSG     31  38         重装使者       50       1       30
BOSSG	20	22	千年树妖	50	1	30
BOSSG	20	22	暗之魔龙战将	50	1	30
BOSSG	20	22	暗之魔龙力士	50	1	30
BOSSG	20	22	暗之魔龙巨蛾	50	1	30
BOSSG	20	22	双头金刚	50	2	30
BOSSG	20	22	双头血魔	50	2	30

BOSSG	20	22	魔龙战将	50	1	15
BOSSG	20	22	魔龙力士	50	1	15
BOSSG	20	22	魔龙巨蛾	50	1	15
BOSSG	20	22	暗之双头金刚	50	1	30
BOSSG	20	22	暗之虹魔教主	50	1	30
BOSSG	20	22	暗之骷髅精灵	50	1	30
BOSSG	20	22	暗之沃玛教主	50	1	30
BOSSG	20	22	暗之双头血魔	50	1	30
BOSSG	20	22	暗之黄泉教主	50	1	30
;━━━━━━━━━━━━━━━━━━━━━━━━━━━━━━━━	
;地图名：破灭神殿

BOSS8	79	47	星王使者	50	1	60
BOSS8	68	59	魔影巨人4	50	2	60
BOSS8	50	70	暗之魔龙教主	50	2	60
BOSS8	50	70	魔龙教主4	50	2	60
BOSS8	50	70	破灭・星王赤狐	50	5	30
BOSS8	50	70	破灭・星王黑狐	50	5	30
BOSS8	50	70	破灭・星王战将	50	5	30
BOSS8	50	70	破灭・星王羊人	50	5	30
BOSS8	68	59	破灭・星王卫士	50	5	30
BOSS8	50	70	破灭・星王天将	50	5	30
BOSS8	68	59	破灭・星王素狐	50	5	30
BOSS8	50	70	破灭・星王神牛	50	2	60
BOSS8	68	59	破灭・星王魔灵	50	5	30
BOSS8	68	59	破灭・星王力士	50	5	30
BOSS8	68	59	破灭・星王巨蛾	50	5	30
BOSS8	68	59	破灭・星王教主	50	2	60
BOSS8	57	72	破灭・黄金神龙	0	1	120
BOSS8	50	62	破灭・寒冰神龙	0	1	120
BOSS8	69	76	破灭・圣殿黄龙	0	1	120
BOSS8	57	70	冰宫魔王	50	2	60
BOSS8	43	84	破灭・星王蛛王	0	1	120
BOSS8	79	48	破灭・星王天珠	0	1	120
;━━━━━━━━━━━━━━━━━━━━━━━━━━━━━━━━
;玛雅神殿
Fama1	31	38	双头金刚	100	5	30
Fama1	31	38	双头血魔	100	3	30
Fama1	31	38	黄泉教主	100	3	30
Fama1	31	38	虹魔教主	100	3	30
Fama1	31	38	魔龙力士	100	2	20
Fama1	31	38	魔龙巨蛾	100	2	20
Fama1	31	38	魔龙战将　	100	2	20
Fama1	31	38	暗之魔龙力士	100	5	30
Fama1	31	38	暗之魔龙战将	100	5	30
Fama1	31	38	暗之魔龙巨蛾	100	5	30
Fama1	50	50	暗之沃玛教主	100	5	30
Fama1	50	50	暗之骷髅精灵	100	5	30
Fama1	50	50	暗之双头金刚	100	5	30
Fama1	50	50	暗之黄泉教主	100	5	30
Fama1	50	50	暗之双头血魔	100	5	30
Fama1	50	50	暗之虹魔教主	100	5	30
Fama1	50	50	暗之魔龙教主	100	1	60
Fama1	50	50	魔龙教主	100	1	60
Fama1	50	50	魔影巨人	100	1	60

Fama2	31	38	双头金刚	100	3	30
Fama2	31	38	双头血魔	100	3	30
Fama2	31	38	黄泉教主	100	3	30
Fama2	31	38	虹魔教主	100	3	30
Fama2	31	38	魔龙力士	100	3	20
Fama2	31	38	魔龙巨蛾	100	3	20
Fama2	31	38	魔龙战将　	100	3	20
Fama2	31	38	暗之魔龙力士	100	5	30
Fama2	31	38	暗之魔龙战将	100	5	30
Fama2	31	38	暗之魔龙巨蛾	100	5	30
Fama2	50	50	暗之沃玛教主	100	3	30
Fama2	50	50	暗之骷髅精灵	100	3	30
Fama2	50	50	暗之双头金刚	100	3	30
Fama2	50	50	暗之黄泉教主	100	3	30
Fama2	50	50	暗之双头血魔	100	3	30
Fama2	50	50	暗之虹魔教主	100	3	30
Fama2	50	50	暗之魔龙教主	100	2	60
Fama2	50	50	魔龙教主	100	2	60
Fama2	50	50	魔影巨人	100	2	60


Fama3	31	38	双头金刚	100	3	30
Fama3	31	38	双头血魔	100	3	30
Fama3	31	38	黄泉教主	100	3	30
Fama3	31	38	虹魔教主	100	3	30
Fama3	31	38	魔龙力士	100	2	20
Fama3	31	38	魔龙巨蛾	100	2	20
Fama3	31	38	魔龙战将　	100	2	20
Fama3	31	38	暗之魔龙力士	100	10	30
Fama3	31	38	暗之魔龙战将	100	10	30
Fama3	31	38	暗之魔龙巨蛾	100	10	30
Fama3	50	50	暗之沃玛教主	100	3	30
Fama3	50	50	暗之骷髅精灵	100	3	30
Fama3	50	50	暗之双头金刚	100	3	30
Fama3	50	50	暗之黄泉教主	100	3	30
Fama3	50	50	暗之双头血魔	100	3	30
Fama3	50	50	暗之虹魔教主	100	3	30
Fama3	50	50	暗之魔龙教主	100	1	60
Fama3	50	50	魔龙教主	100	1	60
Fama3	50	50	魔影巨人	100	1	60



Fama4	20	31	暗之魔龙教主	100	1	60
Fama4	20	31	魔龙教主	100	1	60
Fama4	20	31	魔影巨人	100	1	60
Fama4	20	31	黄金神龙	100	1	120
Fama4	20	31	寒冰神龙	100	1	120
Fama4	20	31	圣殿黄龙	100	1	120

;━━━━━━━━━━━━━━━━━━━━━━━━━━━━━━━━━━━━━━━
;狼烟梦境
di1     100     100     重装使者  	20      2       15
di1	49	50	地藏王	        70	2	20     
di1	49	50	沃玛教主	70	2	15
di1	49	50	黄泉教主	70	2	15
di1	49	50	虹魔教主	70	2	15
di1	49	50	双头血魔	70	2	15
di1	49	50	双头金刚	70	2	15
di1	49	50	暗之沃玛教主	70	2	30
di1	49	50	暗之黄泉教主	70	2	30
di1	49	50	暗之虹魔教主	70	2	30
di1	49	50	暗之双头血魔	70	2	30
di1	49	50	暗之双头金刚	70	2	30
di1	49	50	暗之骷髅精灵	70	2	30
di1	50	50	暗之魔龙巨蛾	70	2	30
di1	50	50	暗之魔龙力士	70	2	30
di1	50	50	暗之魔龙战将	70	2	30
di1	50	50	魔龙巨蛾	70	5	15
di1	50	50	魔龙力士	70	5	15
di1	50	50	魔龙战将	70	5	15

di2	49	50	地藏王    	70	2	60
di2	49	50	沃玛教主	70	2	15
di2	49	50	黄泉教主	70	2	15
di2	49	50	虹魔教主	70	2	15
di2	49	50	双头血魔	70	2	15
di2	49	50	双头金刚	70	2	15
di2	49	50	暗之沃玛教主	70	2	30
di2	49	50	暗之黄泉教主	70	2	30
di2	49	50	暗之虹魔教主	70	2	30
di2	49	50	暗之双头血魔	70	2	30
di2	49	50	暗之双头金刚	70	2	30
di2	49	50	暗之骷髅精灵	70	2	30
di2	49	50	魔龙教主	70	1	60
di2	50	50	暗之魔龙巨蛾	70	2	30
di2	50	50	暗之魔龙力士	70	2	30
di2	50	50	暗之魔龙战将	70	2	30
di2	50	50	魔龙巨蛾	70	5	15
di2	50	50	魔龙力士	70	5	15
di2	50	50	魔龙战将	70	5	15
di2     150     150     重装使者  	20      1       15
di2     150     150     魔龙巨人        100     1       30


di3	49	50	暗之沃玛教主	70	5	30
di3	49	50	暗之黄泉教主	70	5	30
di3	49	50	暗之虹魔教主	70	5	30
di3	49	50	暗之双头血魔	70	5	30
di3	49	50	暗之双头金刚	70	5	30
di3	49	50	暗之骷髅精灵	70	5	30
di3	49	50	暗之魔龙教主	70	1	120
di3	49	50	魔龙教主	70	1	60
di3	49	50	魔影巨人	70	1	60
di3     50      50      重装使者  	20      5      15
di3	50	50	暗之魔龙巨蛾	70	5	30
di3	50	50	暗之魔龙力士	70	5	30
di3	50	50	暗之魔龙战将	70	5	30


;━━━━━━━━━━━━━━━━━━━━━━━━━━━━━━━━

wane1	17	21	暗之赤月恶魔	0	1	60
wane1	13	17	血僵尸	5	10	15
wane1	13	17	月魔蜘蛛	15	10	15
wane1	14	23	黑锷蜘蛛	15	15	15
wane1	25	12	暗之魔龙教主	0	1	120
wane1	26	14	暗之虹魔教主	8	1	30
wane1	26	14	暗之骷髅精灵	8	1	30
wane1	26	14	暗之双头金刚	8	1	30
wane1	26	14	暗之沃玛教主	8	1	30
wane1	26	14	暗之黄泉教主	8	1	30
wane1	26	14	暗之双头血魔	8	1	30
wane1	26	14	暗之牛魔王	8	1	30
wane1	26	14	魔龙教主	8	1	60





B102	11	14	圣域教主	10	1	10
B103	11	14	圣域牛魔王	10	1	10
B104	11	14	圣域护卫	10	1	10
B105	11	14	圣域稻草人	10	1	10
B106	11	14	圣域金刚	10	1	10
B107	11	14	圣域雪人	10	1	10
B108	11	14	圣域蛇王	10	1	10
B109	11	14	圣域猪卫	10	1	10
B110	11	14	圣域多钩猫	10	1	10
B111	11	14	圣域杀手	10	1	10
B112	11	14	圣域祭司	10	1	10
B113	11	14	圣域将军	10	1	10
B114	11	14	圣域冥狼	10	1	10
B115	11	14	圣域法师	10	1	10
B116	11	14	圣域斗士	10	1	10
B117	11	14	圣域钉耙猫	10	1	10
B118	11	14	圣域战士	10	1	10
B119	11	14	圣域侍卫	10	1	10
B120	11	14	圣域月魔	10	1	10
B121	11	14	圣域钳虫	10	1	10
B122	11	14	圣域精灵	10	1	10
B123	11	14	圣域魔魂	10	1	10
B124	11	14	圣域长枪兵	10	1	10
B125	11	14	圣域血魔	10	1	10
B126	11	14	圣域神影	10	1	10
B127	11	14	圣域蝙蝠	10	1	10
B128	11	14	圣域刀斧手	10	1	10
B129	11	14	圣域弓箭手	10	1	10
B130	11	14	圣域半兽人	10	1	10
B131	11	14	圣域蝎卫	10	1	10
B132	11	14	圣域骷髅	10	1	10
B133	11	14	圣域尸王	10	1	10
B134	11	14	圣域蛤蟆	10	1	10
B135	11	14	圣域蝎子	10	1	10


;-------------------------------------------------------------------------------------------	
;雷炎洞穴一层	
hl001	360	40	黑牙蜘蛛	200	50	6
hl001	364	108	黑牙蜘蛛	200	10	6
hl001	316	152	黑牙蜘蛛	200	10	9
hl001	308	36	黑牙蜘蛛	200	15	11
hl001	284	100	黑牙蜘蛛	200	5	12
hl001	240	76	黑牙蜘蛛	200	50	6
hl001	236	28	黑牙蜘蛛	200	50	7
hl001	188	44	巨镰蜘蛛	200	200	8
hl001	176	68	黑牙蜘蛛	200	5	9
hl001	180	204	黑牙蜘蛛	200	50	12
hl001	148	172	黑牙蜘蛛	200	5	14
hl001	104	44	黑牙蜘蛛	200	5	18
hl001	64	148	黑牙蜘蛛	200	50	5
hl001	96	236	黑牙蜘蛛	200	5	6
hl001	24	216	黑牙蜘蛛	200	50	8
hl001	76	372	黑牙蜘蛛	200	50	10
hl001	152	352	黑牙蜘蛛	200	5	11
hl001	224	368	巨镰蜘蛛	200	500	12
hl001	204	288	黑牙蜘蛛	200	50	13
hl001	220	132	恶魔蜘蛛	200	1	60
hl001	200	200	黑牙蜘蛛	200	5	15
hl001	360	40	黑牙蜘蛛	200	50	6
hl001	316	152	黑牙蜘蛛	200	5	9
hl001	308	36	黑牙蜘蛛	200	50	11
hl001	284	100	黑牙蜘蛛	200	5	12
hl001	236	28	黑牙蜘蛛	200	5	7
hl001	176	68	黑牙蜘蛛	200	50	9
hl001	180	204	黑牙蜘蛛	200	5	12
hl001	148	172	黑牙蜘蛛	200	50	14
hl001	104	44	黑牙蜘蛛	200	5	18
hl001	96	236	黑牙蜘蛛	200	5	6
hl001	24	216	黑牙蜘蛛	200	50	8
hl001	76	372	黑牙蜘蛛	200	5	10
hl001	152	352	黑牙蜘蛛	200	5	11
hl001	220	132	恶魔蜘蛛	200	10	60
hl001	200	200	黑牙蜘蛛	200	5	15
hl001	308	36	黑牙蜘蛛	200	5	11
hl001	284	100	黑牙蜘蛛	200	5	12
hl001	244	164	黑牙蜘蛛	200	50	14
hl001	176	68	黑牙蜘蛛	200	50	9
hl001	180	204	黑牙蜘蛛	200	50	12
hl001	148	172	黑牙蜘蛛	200	5	14
hl001	104	44	黑牙蜘蛛	200	50	18
hl001	64	148	黑牙蜘蛛	200	50	5
hl001	96	236	黑牙蜘蛛	200	5	6
hl001	24	216	黑牙蜘蛛	200	50	8
hl001	76	372	黑牙蜘蛛	200	50	10
hl001	152	352	黑牙蜘蛛	200	5	11
hl001	204	288	黑牙蜘蛛	200	5	13
hl001	200	200	黑牙蜘蛛	200	50	15
hl001	316	152	黑牙蜘蛛	200	5	9
hl001	308	36	黑牙蜘蛛	200	50	11
hl001	284	100	黑牙蜘蛛	200	50	12
hl001	228	122	金杖蜘蛛	100	10	15
hl001	158	158	金杖蜘蛛	100	10	15
hl001	203	184	金杖蜘蛛	100	10	15
hl001	350	267	金杖蜘蛛	100	10	15
hl001	300	138	金杖蜘蛛	100	10	15
hl001	322	131	金杖蜘蛛	100	10	15
hl001	376	352	金杖蜘蛛	100	10	15
hl001	312	50	金杖蜘蛛	100	10	15
hl001	60	365	金杖蜘蛛	100	10	15
hl001	186	378	狂热火蜥蜴	100	50	120


hl002   140	140	狂热火蜥蜴	150	50	60
hl002   140	140	金杖蜘蛛	150	50	60
hl002   140	140	巨镰蜘蛛	150	50	60
hl002   140	140	黑牙蜘蛛	150	100	60
hl002   140	140	黑牙蜘蛛	500	3	120

H301	60	60	魔龙教主	70	1	60
H301	60	60	暗之魔龙教主	70	1	60
H301	60	60	魔影巨人	70	1	60
H301	60	60	巨镰蜘蛛	70	10	10
H301	60	60	金杖蜘蛛	70	5	10
H301	60	60	雷炎蛛王	70	1	120
H301	60	60	圣殿黄龙	70	1	100
H301	60	60	寒冰神龙	70	1	120
H301	60	60	黄金神龙	70	1	120
H301	60	60	狂热火蜥蜴	150	10	60
H301	60	60	金杖蜘蛛	150	10	60
H301	60	60	巨镰蜘蛛	150	10	60
;-------------------------------------------------------------------------------------------
;狐月神殿		
fox02	223	303	火尾黑狐王	2	1	120
fox02	223	303	金爪赤狐王	2	1	120
fox02	223	303	玉面素狐王	2	1	120
fox02	60	156	黑狐	100	10	30
fox02	60	156	赤狐	100	10	30
fox02	60	156	素狐	100	10	30
fox02	70	250	黑狐	100	10	30
fox02	70	250	赤狐	100	10	30
fox02	70	250	素狐	100	10	30
fox02	77	305	黑狐	80	10	30
fox02	77	305	赤狐	80	10	30
fox02	77	305	素狐	80	10	30
fox02	102	302	黑狐	50	8	30
fox02	102	302	赤狐	50	8	30
fox02	102	302	素狐	50	8	30
fox02	128	373	黑狐	50	8	30
fox02	128	373	赤狐	50	8	30
fox02	128	373	素狐	50	8	30
fox02	250	116	赤狐1	80	10	30
fox02	250	116	黑狐1	100	10	30
fox02	250	116	素狐1	100	10	30
fox02	192	188	黑狐1	80	10	30
fox02	192	188	赤狐1	100	10	30
fox02	192	188	素狐1	100	10	30
fox02	292	286	素狐1	80	10	30
fox02	292	286	赤狐1	100	10	30
fox02	292	286	黑狐1	100	10	30
fox02	252	325	素狐1	50	10	30
fox02	252	325	赤狐1	50	20	30
fox02	252	325	黑狐1	50	10	30
fox02	223	306	九尾魂石1	1	1	120
fox02	220	303	狐月魔眼	1	1	120
fox02	224	306	狐月魔眼	1	1	120
fox02	226	303	狐月魔眼	1	1	120
fox02	60	156	黑狐	100	10	30
fox02	60	156	赤狐	100	10	30
fox02	60	156	素狐	100	10	30
fox02	70	250	黑狐	100	10	30
fox02	70	250	赤狐	100	10	30
fox02	70	250	素狐	100	10	30
fox02	77	305	黑狐	80	10	30
fox02	77	305	赤狐	80	10	30
fox02	77	305	素狐	80	10	30
fox02	102	302	黑狐	50	8	30
fox02	102	302	赤狐	50	8	30
fox02	102	302	素狐	50	8	30
fox02	128	373	黑狐	50	8	30
fox02	128	373	赤狐	50	8	30
fox02	128	373	素狐	50	8	30
fox02	250	116	赤狐1	80	10	30
fox02	250	116	黑狐1	100	10	30
fox02	250	116	素狐1	100	10	30
fox02	192	188	黑狐1	80	10	30
fox02	192	188	赤狐1	100	10	30
fox02	192	188	素狐1	100	10	30
fox02	292	286	素狐1	80	10	30
fox02	292	286	赤狐1	100	10	30
fox02	292	286	黑狐1	100	10	30
fox02	252	325	素狐1	50	10	30
fox02	252	325	赤狐1	50	10	30
fox02	252	325	黑狐1	50	10	30

fox03	34	33	狐月天珠	0	1	60
fox03	37	36	九尾魂石	0	1	15
fox03	37	30	九尾魂石	0	1	15
fox03	31	36	九尾魂石	0	1	15
fox03	31	30	九尾魂石	0	1	15
fox03	38	45	狐月魔眼	20	3	20
fox03	38	45	狐月之眼	20	3	20
fox03	38	45	火尾黑狐王	20	1	120
fox03	38	45	金爪赤狐王	20	1	120
fox03	38	45	玉面素狐王	20	1	120
fox03	38	45	黑狐	70	10	15
fox03	38	45	赤狐	70	10	15
fox03	38	45	素狐	70	10	15
fox03	38	45	黑狐1	70	10	30
fox03	38	45	赤狐1	70	10	30
fox03	38	45	素狐1	70	10	30
;------------------------------------------------------------------------------
;静寂古都
bwc     255   230   暗之虹魔教主	500	20	30
bwc     255   230   暗之骷髅精灵	500	20	30
bwc     255   230   暗之双头金刚	500	20	30
bwc     255   230   暗之沃玛教主	500	20	30
bwc     255   230   暗之黄泉教主	500	20	30
bwc     255   230   暗之双头血魔	500	20	30
bwc     255   230   暗之魔龙巨蛾	500	20	30
bwc     255   230   暗之魔龙力士	500	20	30
bwc     255   230   暗之魔龙战将	500	20	30
bwc     255   230   魔龙巨蛾	500	40	60
bwc     255   230   魔龙力士	500	40	60
bwc     255   230   魔龙战将	500	40	60
bwc     255   230   魔影巨人	500	10	60
bwc     255   230   魔龙教主	500	10	60
bwc     255   230   地藏王	500	10	60
bwc     255   230   暗之魔龙教主	500	10	120
bwc     255   230   地藏王	500	10	60
bwc     255   230   魔龙教主	500	10	60
bwc     255   230   魔影巨人	500	10	120
bwc     255   230   魔龙破甲兵	500	200	30
bwc     255   230   魔龙射手	500	200	30
bwc     123   404   魔龙教主	0	1	120
bwc     255   230   魔龙刀兵	500	200	30
bwc     255   230   暗之牛魔王	500	20	30
bwc     255   230   牛魔王	500	10	30
bwca    25    25    暗之魔龙教主 40     2       120
bwca    25    25    魔龙教主 40     2       60
bwca    25    25    魔影巨人 40     1       120
bwca    25    25    黄金神龙 40     1       120
bwca    25    25   暗之魔龙巨蛾	40	2	60
bwca    25    25   暗之魔龙力士	40	2	60
bwca    25    25   暗之魔龙战将	40	2	60




0139	25	29	稻草人		30	60	1
0139	25	29	稻草人		30	60	1
0139	25	29	稻草人		30	60	1
0139	25	29	稻草人		30	60	1
0139	25	19	稻草人		30	60	1
0139	15	29	稻草人		30	60	1

cjzfy	20	23	我爆超油	0	1	360

xsddlj	100	100	魔龙射手	100	90	10
xsddlj	100	100	魔龙刀兵	100	90	10
xsddlj	100	100	魔龙破甲兵	100	90	10
xsddlj	100	100	祖玛卫士	100	90	10
xsddlj	100	100	祖玛弓箭手	100	90	10
xsddlj	100	100	祖玛雕像	100	90	10
xsddlj	100	100	暗之双头金刚	100	1	60
xsddlj	100	100	暗之沃玛教主	100	1	60
xsddlj	100	100	暗之黄泉教主	100	1	60
xsddlj	100	100	暗之双头血魔	100	1	60
xsddlj	100	100	暗之虹魔教主	100	1	60
xsddlj	100	100	暗之骷髅精灵	100	1	60
xsddlj	100	100	魔龙战将	100	1	60
xsddlj	100	100	魔龙力士	100	1	60
xsddlj	100	100	魔龙巨蛾	100	1	60
xsddlj	100	100	赤月恶魔	100	1	60
xsddlj	100	100	魔龙教主	100	1	60
;━━━━━━━━━━━━━━━━━━━━━━━━━━━━━━━━ 
;地图名：Boss皇陵
bosshl 	100	100	圣殿黄龙	100	1	200
bosshl 	100	100	黄金神龙1	100	1	200
bosshl 	100	100	雷炎蛛王	100	1	200
bosshl 	100	100	魔龙教主	100	2	60
bosshl	100	100	暗之魔龙教主	100	5	60
bosshl	100	100	魔影巨人	100	1	60
bosshl	100	100	黄金神龙	100	1	120
bosshl	100	100	寒冰神龙	100	1	120
bosshl	100	100	雷炎蛛王	100	1	220
bosshl	100	100	圣殿黄龙	100	1	120
bosshl	100	100	狐月天珠	100	1	120
bosshl	100	100	打我爆超油	100	1	240
bosshl	100	100	暗之魔龙巨蛾	40	10	30
bosshl	100	100	暗之魔龙力士	40	10	30
bosshl	100	100	暗之魔龙战将	40	10	30
bosshl	100	100	魔龙巨蛾	40	5	30
bosshl	100	100	魔龙力士	40	5	30
bosshl	100	100	魔龙战将	40	5	30
bosshl	100	100	千年树妖	40	2	30
;━━━━━━━━━━━━━━━━━━━━━━━━━━━━━━━━ 
;地图名：散人天堂
sanren1 	25	25	魔影巨人	25	1	60
sanren1 	25	25	魔龙教主	25	1	60
sanren1 	25	25	暗之魔龙教主	25	1	60
sanren1 	25	25      暗之魔龙巨蛾	100	3	30
sanren1 	25	25      暗之魔龙力士	100	3	30
sanren1 	25	25      暗之魔龙战将	100	3	30
sanren1 	25	25      魔龙巨蛾	100	3	30
sanren1 	25	25      魔龙力士	100	3	30
sanren1 	25	25      魔龙战将	100	3	30
sanren1 	25	25      千年树妖	100	1	3
sanren1 	25	25     暗之双头金刚	100	1	30
sanren1 	25	25     暗之沃玛教主	100	1	30
sanren1 	25	25     暗之黄泉教主	100	1	30
sanren1 	25	25     暗之双头血魔	100	1	30
sanren1 	25	25     暗之虹魔教主	100	1	30
sanren1 	25	25     暗之骷髅精灵	100	1	30



sanren2 	90	105	雷炎蛛王	150	1	120
sanren2 	90	105	地藏王	        150	2	60
sanren2 	90	105	魔龙教主	150	20	60
sanren2 	90	105	暗之魔龙教主	150	20	60
sanren2 	90	105	魔影巨人	150	20	60
sanren2 	90	105	暗之魔龙巨蛾	150	30	60
sanren2 	90	105     暗之魔龙力士	150	30	60
sanren2 	90	105	暗之魔龙战将	150	30	60
sanren2 	90	105	魔龙巨蛾	150	30	60
sanren2 	90	105	魔龙力士	150	30	60
sanren2 	90	105     魔龙战将	150	30	60
sanren2 	90	105     暗之双头金刚	150	30	30
sanren2 	90	105     暗之沃玛教主	150	30	30
sanren2 	90	105     暗之黄泉教主	150	30	30
sanren2 	90	105     暗之双头血魔	150	30	30
sanren2 	90	105     暗之虹魔教主	150	30	30
sanren2 	90	105     暗之骷髅精灵	150	30	30

;━━━━━━━━━━━━━━━━━━━━━━━━━━━━━━━━ 
;地图名：猪洞九层
zd09	75  	114    暗之魔龙力士	  150	10	15
zd09	75  	114    暗之魔龙战将	  150	10	15
zd09	75  	114    暗之魔龙巨蛾	  150	10	15
zd09	75  	114    魔龙力士	  150	10	25
zd09	75  	114    魔龙战将   150	10	25
zd09	75  	114    魔龙巨蛾   150   10      25
zd09	75  	114    暗之魔龙力士	  150	3       50
zd09	75  	114    暗之魔龙战将   150	3	50
zd09	75  	114    暗之魔龙巨蛾   150   3      50
zd09	75  	114    魔龙力士1  150	5	30
zd09	75  	114    魔龙战将1   150	5	30
zd09	75  	114    魔龙巨蛾1   150   5      30
zd09	75  	114    魔影巨人   150	1	40
zd09	75    114     魔龙教主   150	2	90
zd09	75  114    暗之魔龙教主   150	2	90
zd09   26  14   暗之虹魔教主     150      5     30
zd09   26  14   暗之骷髅精灵     150      5     30
zd09   26  14   暗之双头金刚     150      5     30
zd09   26  14   暗之沃玛教主     150      5     30
zd09   26  14   暗之黄泉教主     150      5     30
zd09   26  14   暗之双头血魔     150      5     30
zd09	75  	114    重装使者   150	5	15



zd10	75  	114    魔龙力士	  150	20	25
zd10	75  	114    魔龙战将   150	20	25
zd10	75  	114    魔龙巨蛾   150   20      25
zd10	75  	114    魔龙力士1  150	10	50
zd10	75  	114    魔龙战将1   150	10	50
zd10	75  	114    魔龙巨蛾1   150   10      50
zd10	75  	114    千年尸王   150	40	25
zd10	75  	114    暗之魔龙教主   150	1	60
zd10	75  	114    暗之魔龙教主   150	2	60
zd10	99  	99    魔影巨人   0	1	60
zd10	5  	5    魔龙教主   150	2	60
zd10	5  	5    魔龙教主   150	1	60
zd10   26  14   暗之虹魔教主     150      1     30
zd10   26  14   暗之骷髅精灵     150      1     30
zd10   26  14   暗之双头金刚     150      1     30
zd10   26  14   暗之沃玛教主     150      1     30
zd10   26  14   暗之黄泉教主     150      1     30
zd10   26  14   暗之双头血魔     150      1     30
zd10	75  	114    重装使者   150	1	15
;━━━━━━━━━━━━━━━━━━━━━━━━━━━━━━━━ 
;地图名：地下皇陵
dxhl01  50  50    重装使者7  	  20    3    30
dxhl01  50  50    沃玛教主   	  140   3    30
dxhl01  50  50    黄泉教主  	  100   3    30
dxhl01  50  50    虹魔教主  	  100   3    30
dxhl01  50  50    双头血魔   	  140   3    30
dxhl01  50  50    双头金刚  	  100   3    30
dxhl01  50  50    暗之魔龙教主    100   1   60
dxhl01  50  50    魔龙教主        100   1   60
dxhl01  50  50    千年尸王        100   3   90
dxhl01   50  50   暗之虹魔教主     100      3     30
dxhl01   50  50   暗之骷髅精灵     100      3     30
dxhl01   50  50   暗之双头金刚     100     3     30
dxhl01   50  50   暗之沃玛教主     100     3     30
dxhl01   50  50   暗之黄泉教主     100     3     30
dxhl01   50  50   暗之双头血魔     100      3     30
dxhl01   50  50   破灭・星王蛛王     100      1     600
dxhl01   50  50     暗之魔龙力士    100   5     40
dxhl01   50  50     暗之魔龙巨蛾    100   5     40
dxhl01   50  50     暗之魔龙战将    100   5     40
dxhl01   50  50     魔龙力士1   100   3     60
dxhl01   50  50     魔龙巨蛾1   100   3     60
dxhl01   50  50     魔龙战将1   100   3     60


dxhl02	147	147	魔龙教主	250	20	60
dxhl02	147	147	魔龙教主	250	20	60
dxhl02	147	147	暗之魔龙教主    100     20       60
dxhl02  147	147     魔龙力士        100     30       30
dxhl02  147	147     魔龙巨蛾        100     30       30
dxhl02  147	147     魔龙战将        100     30       30
dxhl02  147	147     暗之魔龙力士        100     50       30
dxhl02  147	147     暗之魔龙巨蛾        100     50       30
dxhl02  147	147     暗之魔龙战将        100     50       30
dxhl02  147	147     破灭・星王天珠        100     1       600
dxhl02  147	147     魔龙力士1        100     50       40
dxhl02  147	147     魔龙巨蛾1        100     50       40
dxhl02  147	147     魔龙战将1        100     50       40
dxhl02  147	147   暗之虹魔教主     200      20     30
dxhl02  147	147   暗之骷髅精灵     200      20     30
dxhl02  147	147   暗之双头金刚     200      20     30
dxhl02  147	147   暗之沃玛教主     200      20     30
dxhl02  147	147   暗之黄泉教主     200      20     30
dxhl02  147	147   暗之双头血魔     200      20     30

dxhl03	50	50	暗之牛魔王	1	10	30
dxhl03	50	50	暗之魔龙教主	1	5	60
dxhl03	50	50	魔龙教主	1	5	60
dxhl03	50	50	魔影巨人	1	5	60
dxhl03  50	50     魔龙力士        70     10     35
dxhl03  50	50    魔龙巨蛾         70     10     35
dxhl03  50	50     魔龙战将        70     10      35
dxhl03  50	50     圣殿黄龙        70     1      600
dxhl03  50	50     狐月天珠        70     1      600
dxhl03  50	50     黄金神龙1        70     1      600
dxhl03  50	50     寒冰神龙        70     1      600
dxhl03  50	50     暗之魔龙力士        70     15     35
dxhl03  50	50    暗之魔龙巨蛾         70     15     35
dxhl03  50	50    暗之魔龙战将        70     15      35
dxhl03  50	50     魔龙力士1        70    15     35
dxhl03  50	50     魔龙巨蛾1        70     15      35
dxhl03  50	50     魔龙战将1        70    15      35
dxhl03  50	50   暗之虹魔教主     70     5     30
dxhl03   50	50   暗之骷髅精灵     70     5     30
dxhl03   50	50   暗之双头金刚     70    5     30
dxhl03   50	50   暗之沃玛教主     70      5     30
dxhl03   50	50   暗之黄泉教主     70     5     30
dxhl03   50	50   暗之双头血魔     70     5     30
;━━━━━━━━━━━━━━━━━━━━━━━━━━━━━━━━
;狂暴圣地
zhongji	144	130     魔龙战将1      100      80	45
zhongji	163	25     魔龙战将1      100      50	45
zhongji	177	236     魔龙巨蛾1      100	80	45
zhongji	45	94      魔龙力士1       100	80	45
zhongji	84	40      暗之魔龙战将       100	80	45
zhongji	100	132     暗之魔龙力士       100	80	60
zhongji	49	90      暗之魔龙巨蛾       100	80	45
zhongji	216	156     魔龙教主      100	50	45
zhongji	162	38      魔影巨人       100	50	45
zhongji	162	38      冰宫魔王       100	50	45
zhongji	153	118     暗之魔龙教主      100	50	45
zhongji	214	27      火尾黑狐王       100	50	45
zhongji	236	246     金爪赤狐王      100	50	45
zhongji	86	40      玉面素狐王       100	50	45
zhongji	38	147     圣殿黄龙       10	2	45
zhongji	38	266     寒冰神龙       10	2	45
zhongji	98	174     狐月天珠       10	2	60
zhongji	69	51      雷炎蛛王        10	2	60
zhongji	69	51      黄金神龙1        0	1	60
zhongji	86	40      黄金神龙1        10	2	60
;━━━━━━━━━━━━━━━━━━━━━━━━━━━━━━━━
;终极神殿
xiongba	162	38     魔龙教主         100	5	30
xiongba	153	118    魔影巨人         100	5	30
xiongba	214	27     暗之魔龙教主       100	5	30
xiongba	236	246    火尾黑狐王         100	5	30
xiongba	86	40     金爪赤狐王          100	5	30
xiongba	38	147    玉面素狐王         100	5	30
xiongba	38	266    圣殿黄龙      100	1	120
xiongba	52	26     寒冰神龙       0	        1	120
xiongba	38	266    雷炎蛛王      100	1	120
xiongba	38	266    黄金神龙1     100	1	120
xiongba	38	266    圣殿黄龙       100	2	60
xiongba	52	26     寒冰神龙        0	2	60
xiongba	38	266    雷炎蛛王       100	2	60
xiongba	38	266    黄金神龙       100	2	60
xiongba	177	236    打我爆超油      90	2	65
xiongba	177	236    打我暴终极      90	2	65
xiongba	39	37     星王使者        0	1	120
xiongba	39	37     冰宫魔王        100	2	120
;━━━━━━━━━━━━━━━━━━━━━━━━━━━━━━━━
;辉煌天宫
dwtg  34     32       破灭・星王褐蛙     100       2       60
dwtg  34     32       破灭・星王黄蛙     100       2       60
dwtg  34     32       破灭・星王素狐     100       2       60
dwtg  34     32       破灭・星王赤狐     100       2       60
dwtg  34     32       破灭・星王黑狐     100       2       60
dwtg  34     32       破灭・星王战将     100       2       60
dwtg  34     32       破灭・星王巨蛾     100       2       60
dwtg  34     32       破灭・星王力士     100       2       60
dwtg  34     32       破灭・星王教主     100       1       120
dwtg  34     32       破灭・星王神牛     100       1       120
dwtg  34     32       星王使者       100       1       120
dwtg  34     32       破灭・圣殿黄龙     100       1       120
dwtg  34     32       破灭・寒冰神龙     100       1       120
dwtg  34     32       破灭・黄金神龙     100       1       120
dwtg  34     32       破灭・星王蛛王     100       1       120
dwtg  34     32       冰宫魔王       100       5       120
dwtg  34     32       破灭・星王天珠       0       1       120
dwtg  34     32       魔龙教主4       0       1       120
dwtg  34     32       魔影巨人4       0       1       120
;━━━━━━━━━━━━━━━━━━━━━━━━━━━━━━━━
;辉煌庄园
dwzy  73     75       破灭・星王褐蛙     100       20       60
dwzy  73     75       破灭・星王黄蛙     100       20       60
dwzy  73     75       破灭・星王素狐     100       20       60
dwzy  73     75       破灭・星王赤狐     100       20       60
dwzy  73     75       破灭・星王黑狐     100       20       60
dwzy  73     75       破灭・星王战将     100       20       60
dwzy  73     75       破灭・星王巨蛾     100       20       60
dwzy  73     75       破灭・星王力士     100       20       60
dwzy  73     75       破灭・星王教主     100       5       120
dwzy  73     75       破灭・星王神牛     100       5       120
dwzy  66     66       星王使者         0       1       120
dwzy  66     66       破灭・圣殿黄龙     100       1       120
dwzy  66     66       破灭・寒冰神龙     100       1       120
dwzy  66     66       破灭・黄金神龙     100       1       120
dwzy  66     66       破灭・星王蛛王     100       1       120
dwzy  73     75       冰宫魔王       100       5       120
dwzy  49     49       破灭・星王天珠       0       1       120
dwzy  49     49       魔龙教主4       0       1       120
dwzy  49     49       魔影巨人4       0       1       120
;━━━━━━━━━━━━━━━━━━━━━━━━━━━━━━━━
;寒兵领地
NZ018   63   44   暗之魔龙战将   150    15    30
NZ018   63   44   暗之魔龙力士   150    15    30
NZ018   63   44   暗之魔龙巨蛾   150    15    30
NZ018   42   45   破灭・星王战将     100    10     30 
NZ018   42   45   破灭・星王巨蛾     100    10     30  
NZ018   42   45   破灭・星王力士     100    10     30  
NZ018   42   45   破灭・星王教主     100    2     60  
NZ018   42   45   破灭・星王神牛     100    2     60  
NZ018   42   45   魔龙教主4      100    2     60  
NZ018   42   45   魔影巨人4      100    2     60  
NZ018   42   45   暗之魔龙教主   100    2     30  
NZ018   66   66   寒冰神龙     100    1     120
NZ018   66   66   黄金神龙1     100    1     120
NZ018   66   66   圣殿黄龙     100    1     120
NZ018   66   66   狐月天珠     100    1     120
NZ018   66   66   冰宫魔王       100    2     60
;━━━━━━━━━━━━━━━━━━━━━━━━━━━━━━━━
;地图名：新手圣地
a9	49	61     魔龙射手       100	20	10
a9	49	61     魔龙刀兵       100	20	10
a9	49	61     魔龙破甲兵     100	20	10
a9	49	61     魔龙战将       100	10	30
a9	52	51     魔龙力士       100	10	30
a9	52	51     暗之牛魔王     100	10	30
a9	52	51     暗之双头金刚   100	10	30
a9	49	61     魔龙巨蛾       100	10	30
a9	49	61     暗之虹魔教主   100	10	45
a9	49	61     暗之黄泉教主   100	10	45
a9	49	61     暗之骷髅精灵   100	10	45
a9	49	61     魔龙教主       100	4	60
a9	52	41     暗之魔龙教主   100	4	60
a9	49	61     魔影巨人       100	4	60

;━━━━━━━━━━━━━━━━━━━━━━━━━━━━━━━━
;地图名：赤血魔域

w1	65 	30     暗之魔龙巨蛾   80	15	5
w1	65 	30     暗之魔龙力士   80	15	5
w1	65 	30     暗之魔龙战将   80	15	5
w1	65 	30     魔龙巨蛾       80	15	5
w1	65 	30     魔龙力士       80	15	5
w1	65 	30     魔龙战将       80	15	5
w1	65 	30     魔龙教主       80	1	30
w1	65 	30     暗之魔龙教主   80	1	30
w1	65 	30     魔影巨人       80	1	30
w1	65 	30     圣殿黄龙       80	1	60
w2	72 	29     暗之魔龙巨蛾   80	15	5
w2	72 	29     暗之魔龙力士   80	15	5
w2	72 	29     暗之魔龙战将   80	15	5
w2	72 	29     魔龙巨蛾       80	15	5
w2	72 	29     魔龙力士       80	15	5
w2	72 	29     魔龙战将       80	15	5
w2	72 	29     魔龙教主       80	1	30
w2	72 	29     寒冰神龙       80	1	60
w2	72 	29     暗之魔龙教主   80	1	30
w2	72 	29     魔影巨人       80	1	30
w3	25  	24     暗之魔龙教主      50	1	30
w3	25  	24     黄金神龙1      50	1	60
w3	25  	24     圣殿黄龙       50	1	60
w3	25  	24     寒冰神龙       50	1	60
w3	25  	24     魔影巨人      50	        1	30
w3	25  	24     魔龙教主      50	        1	30
;━━━━━━━━━━━━━━━━━━━━━━━━━━━━━━━━
;地图名：深渊魔域
w4	34  	21     暗之魔龙巨蛾   100	15	5
w4	34  	21     暗之魔龙力士   100	15	5
w4	34  	21     暗之魔龙战将   100	15	5
w4	34  	21     魔龙巨蛾       100	15	5
w4	34  	21     魔龙力士       100	15	5
w4	34  	21     魔龙战将       100	15	5
w4	34  	21     魔龙教主       100	2	30
w4	34  	21     暗之魔龙教主   100	2	30
w4	34  	21     魔影巨人       100	2	30

w5	22  	24     暗之魔龙巨蛾   50	5	5
w5	22  	24     暗之魔龙力士   50	5	5
w5	22  	24     暗之魔龙战将   50	5	5
w5	22  	24     魔龙巨蛾       50	5	5
w5	22  	24     魔龙力士       50	5	5
w5	22  	24     魔龙战将       50	5	5
w5	22  	24     魔龙教主       50	1	30
w5	22  	24     暗之魔龙教主   50	1	30
w5	22  	24     魔影巨人       50	1	30

w6	17  	11     冰宫魔王       5	        1	30  
w6	17  	11     圣殿黄龙   5	        1	30
w6	17  	11     寒冰神龙       5	        1	30
w6	17  	11     黄金神龙       5	        1	30
;━━━━━━━━━━━━━━━━━━━━━━━━━━━━━━━━

jzy     14      16     破灭・天珠教主   10      1       240
jzy     14      16     破灭・蛛王教主   10      1       240
jzy     14      16     破灭・魔龙教主   10      1       240
jzy     14      16     破灭・神龙教主   10      1       240
jzy     14      16     破灭・黄龙教主   10      1       240







