副本地图/神器奖励	sqfb01	81	27	神器奖励	0	15	0	0	0	0	0
副本地图/财富奖励	cffb01	81	27	财富奖励	0	15	0	0	0	0	0
副本地图/经验奖励	jyfb01	81	27	经验奖励	0	15	0	0	0	0	0
;调用文件	地图	X	Y	人物姓名	数量	代码	刷新时间
;比奇城------------------------------------------------------------------------------------------
比奇城/屠夫		0102	9	7	屠夫		0	11	0	0	0
比奇城/屠夫		0	313	271	屠夫		0	4	0	0	0
比奇城/卫家店		0103	19	18	卫家店		0	1	0	0	0
比奇城/铁匠铺		0	302	219	铁匠铺老板	0	0	0	0	0
比奇城/安家布衣		0106	19	6	安家布衣	0	7	0	0	0
比奇城/赖家		0108	7	7	赖家店老板	0	1	0	0	0
比奇城/夏家		0	324	291	夏家店老板	0	5	0	0	0
比奇城/杳水		0109	4	8	杳水店老板	0	9	0	0	0
比奇城/陈家铺子		0104	5	8	陈家铺子老板	0	2	0	0	0
比奇城/书店		0	325	250	书店老板	0	2	0	0	0
比奇城/麦家铺子		0125	8	6	麦家铺子	0	9	0	0	0
比奇城/仓库		0	301	257	仓库保管员	0	12	0	0	0
比奇城/杂货		0	378	298	杂货铺老板	0	3	0	0	0
比奇城/戒指店		0105	18	6	戒指店老板	0	4	0	0	0
比奇城/手镯店		0105	12	12	手镯店老板	0	5	0	0	0
比奇城/项链店		0105	6	18	项链店老板	0	6	0	0	0
比奇城/彩票员		0	298	317	彩票员		0	3	0	0	0
比奇城/商人		0126	10	10	商人		0	9	0	0	0
;新人村------------------------------------------------------------------------------------------
银杏新人村/许家店	0119	10	11	许家店		0	1	0	0	0
银杏新人村/药房		0119	14	14	药房小老板	0	9	0	0	0
银杏新人村/陈家铺	0	643	611	陈家铺老板	0	3	0	0	0
银杏新人村/精武馆	0	649	602	精武馆老板	0	0	0	0	0
银杏新人村/高家店	0	643	601	高家店老板	0	7	0	0	0
银杏新人村/屠夫		0	649	591	屠夫	0	11	0	0	0
银杏新人村/廖家店	0	621	642	廖家店老板	0	6	0	0	0
;比奇村------------------------------------------------------------------------------------------
比奇村/边界村小店	0	291	610	边界村小店老板	0	1	0	0	0
比奇村/铁匠铺		0	297	612	铁匠铺老板	0	0	0	0	0
比奇村/屠夫		0	293	603	屠夫		0	11	0	0	0
比奇村/白家服装		0	305	607	白家服装老板	0	7	0	0	0
比奇村/书店		0132	5	18	书店老板	0	2	0	0	0
比奇村/仓库		0140	8	9	仓库保管员	0	9	0	0	0
比奇村/戒指店		0141	23	23	戒指店老板	0	4	0	0	0
比奇村/手镯店		0141	16	16	手镯店老板	0	5	0	0	0
比奇村/项链店		0141	10	10	项链店老板	0	6	0	0	0
新手接待员		0	292	613	新人接待员	0	10	0	0	0
新手接待员		0	646	626	新人接待员	0	10	0	0	0
;沃玛森林----------------------------------------------------------------------------------------
沃玛森林/商人		1	314	72	铁匠		0	0	0	0	0
沃玛森林/商人		1	309	81	商人		0	4	0	0	0
沃玛森林/老人		1	235	305	老人		0	9	0	0	0
沃玛森林/老者		1	96	290	老人		0	3	0	0	0
;毒蛇山谷----------------------------------------------------------------------------------------
毒蛇山谷/朴铁匠		0120	7	8	朴铁匠		0	0	0	0	0
毒蛇山谷/铁匠		2	518	492	铁匠		0	0	0	0	0
毒蛇山谷/薄家药		0117	4	10	薄家药铺老板	0	1	0	0	0
毒蛇山谷/药铺		2	505	497	药铺老板	0	1	0	0	0
毒蛇山谷/罗家铺子	2	505	479	罗家铺子老板	0	3	0	0	0
毒蛇山谷/米家服装	2	517	477	米家服装老板	0	7	0	0	0
毒蛇山谷/仓库		2	517	466	仓库保管员	0	12	0	0	0
;盟重土城----------------------------------------------------------------------------------------
盟重土城/测试奖励员	3	343	343	测试奖励员	0	5	0	0	0
;盟重土城/梦幻神殿	3	333	340	梦幻神殿        0	15	0	0	0
;盟重土城/散人打宝	3	341	340	散人打宝        0	15	0	0	0
;盟重土城/霸者地狱	3	337	340	霸者地狱        0	15	0	0	0
盟重土城/行会管理部	3       317   	320	招兵买马	0	49      0	0	0
盟重土城/商人		0146	4	11	商人		0	9	0	0	0
盟重土城/仓库		0145	9	12	仓库保管员	0	12	0	0	0
盟重土城/悦来客栈	3	305	373	悦来客栈老板	0	12	0	0	0
盟重土城/张家布衣	0149	23	20	张家布衣老板	0	7	0	0	0
盟重土城/手套店		0149	11	18	手套店老板	0	4	0	0	0
盟重土城/老张头盔店	0149	8	5	老张头盔店	0	5	0	0	0
盟重土城/铁匠铺		0159	5	9	铁匠铺老板	0	0	0	0	0
盟重土城/罗家铺子	0160	5	8	罗家铺子老板	0	1	0	0	0
盟重土城/戒指店		0158	11	16	戒指店老板	0	5	0	0	0
盟重土城/手镯店		0158	16	11	手镯店老板	0	6	0	0	0
盟重土城/项链店		0158	4	21	项链店老板	0	4	0	0	0
盟重土城/流浪汉		3	346	334	流浪汉		0	3	0	0	0
盟重土城/屠夫		3	355	329	屠夫		0	11	0	0	0
盟重土城/药店		3	361	335	药店老板	0	1	0	0	0
盟重土城/书店		0161	11	16	书店老板	0	2	0	0	0
盟重土城/网络文明	3	297	302	网络文明宣传员	0	5	0	0	0
盟重土城/老人		E603	31	191	老人		0	9	0	0	0
盟重土城/林小姐		0148	10	9	林小姐		0	13	0	0	0
;盟重土城/彩票员		3	284	343	彩票员		0	3	0	0	0
盟重土城/退场员		HHZB	20	22	裁判		0	2	0	0	0
;盟重土城/入场员		2	450	300	入场员		0	2	0	0	0
盟重土城/小贩		3	829	661	小贩		0	3	0	0	0
;幻境--------------------------------------------------------------------------------------------
幻境/幻境_幻境小贩	H003	89	79	幻境小贩	0	3	0	0	0
幻境/幻境_仓库管理员	H003	80	87	仓库管理员	0	9	0	0	0
幻境/幻境_幻境小贩	H007	170	170	幻境商贩	0	3	0	0	0
幻境/幻境_仓库管理员	H007	160	180	仓房管理员	0	9	0	0	0
幻境/幻境_幻境向导	H003	83	83	幻境向导	0	15	0	0	0
幻境/幻境_沙巴克密使	H007	55	75	沙巴克密使	0	12	0	0	0
幻境/幻境_幻境向导	H010	370	376	幻境引导	0	15	0	0	0
幻境/影之道_幻境小贩	H203	21	17	幻境商人	0	3	0	0	0
幻境/影之道_仓库保管员	H203	18	20	仓库保管处	0	9	0	0	0
幻境/影之道_禁地看护人	H106	100	93	禁地看护人	0	15	0	0	0
幻境/影之道_神秘人	H201	19	97	神秘人  	0	9	0	0	0
;石墓--------------------------------------------------------------------------------------------
石墓/武器店		D71650	23	27	武器店老板	0	0	0	0	0
石墓/服装店		D71651	23	27	服装店老板	0	7	0	0	0
石墓/药品店		D71653	23	27	药品店老板	0	3	0	0	0
石墓/首饰店		D71652	23	27	首饰店老板	0	5	0	0	0
;石墓/合成师		R001	53	115	合成师		0	15	0	0	0
;-------------------------------------------------------------------------------------------------
死亡山谷/服装小贩	D608	30	22	服装小贩	0	3	0	0	0
祖玛寺庙/药品小贩	D5063	62	36	药品小贩	0	1	0	0	0
;沙巴克------------------------------------------------------------------------------------------
沙巴克/小贩		3	663	304	小贩		0	3	1	0	0
沙巴克/屠夫		3	659	301	屠夫		0	1	1	0	0
沙巴克/铁匠铺		0151	3	19	铁匠铺老板	0	0	1	0	0
沙巴克/武器铺		0151	7	14	武器铺老板	0	0	1	0	0
沙巴克/布衣店		0155	13	7	布衣店老板	0	7	1	0	0
沙巴克/头盔店		0155	9	11	头盔店老板	0	5	1	0	0
沙巴克/炼药		0153	7	14	炼药老板	0	9	1	0	0
沙巴克/药店		0153	14	7	药店		0	1	1	0	0
沙巴克/仓库		0152	7	12	仓库管理员	0	12	1	0	0
沙巴克/手镯店		0154	14	7	手镯店老板	0	6	1	0	0
沙巴克/项链店		0154	3	18	项链店老板	0	6	1	0	0
沙巴克/戒指店		0154	10	15	戒指店老板	0	5	1	0	0
沙巴克/商人		0152	4	15	商人		0	9	1	0	0
沙巴克_升级		0151	12	10	兵器店老板	0	0	1	0	0
;白日门------------------------------------------------------------------------------------------
白日门/武器店		1001	14	12	武器店老板	0	15	0	0	0
白日门/杂货店		1007	11	14	杂货店老板	0	17	0	0	0
白日门/首饰店		1005	9	11	首饰店老板	0	20	0	0	0
白日门/服装店		1003	13	16	服装店老板	0	23	0	0	0
白日门/药店		1006	9	10	药店老板	0	22	0	0	0
白日门/药剂师		1006	12	7	药剂师		0	25	0	0	0
白日门/书店		1004	9	11	书店老板	0	18	0	0	0
白日门/仓库		11	184	296	仓库保管员	0	18	0	0	0
白日门/天尊		1002	14	13	天地使者	0	14	0	0	0
;封魔谷------------------------------------------------------------------------------------------
封魔谷/沃玛教主		b341	17	22	沃玛教主	0	27	0	0	0
封魔谷/恶魔杂货匠	4	255	224	恶魔杂货匠	0	3	0	0	0
封魔谷/恶魔屠夫		4	243	187	恶魔屠夫	0	11	0	0	0
封魔谷/恶魔铁匠		4	227	223	恶魔铁匠	0	30	0	0	0
封魔谷/恶魔首饰店	b344	13	10	恶魔首饰店老板	0	23	0	0	0
封魔谷/恶魔保管员	b347	9	10	恶魔保管员	0	39	0	0	0
封魔谷/恶魔布店老板	b345	12	10	恶魔布店老板	0	32	0	0	0
封魔谷/恶魔学者		b343	5	18	恶魔学者	0	30	0	0	0
封魔谷/恶魔炼药师	b343	15	9	恶魔炼药师	0	35	0	0	0
封魔谷/恶魔药剂师	b343	9	13	恶魔药剂师	0	28	0	0	0
封魔谷/恶魔铁匠铺	b342	14	7	恶魔铁匠铺老板	0	30	0	0	0
封魔谷/恶魔修理师	d2008	31	24	恶魔修理师	0	34	0	0	0
封魔谷/红娘		M101	29	32	红娘		0	12	0	0	0
;苍月岛------------------------------------------------------------------------------------------
苍月岛/杂货店		5	143	354	杂货店老板	0	3	0	0	0
苍月岛/书店		5	138	311	书店老板	0	2	0	0	0
苍月岛/武器店		5	129	306	武器店老板	0	0	0	0	0
苍月岛/首饰店		5	155	339	首饰店老板	0	4	0	0	0
苍月岛/布料店		5	145	329	布料店老板	0	7	0	0	0
苍月岛/仓库保管员	5	126	332	仓库保管员	0	12	0	0	0
苍月岛/药店		5	161	314	药店老板	0	9	0	0	0
苍月岛/面见圣上		5	135	327	面见圣上	0	9	0	0	0
;-------------------------------------------------------------------------------------------------
传送员/盟重省传送员	3	339	333	传送员	0	8	0	0	0
传送员/比奇省传送员	0	329	266	传送员	0	8	0	0	0
传送员/苍月岛传送员	5	141	335	传送员	0	8	0	0	0
传送员/封魔谷传送员	4	241	201	传送员	0	8	0	0	0
传送员/白日门传送员	11	181	322	传送员	0	8	0	0	0
传送员/毒蛇谷传送员	2	502	482	传送员	0	8	0	0	0
;-------------------------------------------------------------------------------------------------
二级密码设置	mima	17	12	二级密码设置	0	8	0	0	0	0	0
二级密码设置	mimasz	20	23	二级密码设置	0	8	0	0	0	0	0
二级密码验证	mima	15	14	二级密码验证	0	35	0	0	0	0	0
二级密码	3	340     341	二级密码设置	0	5	0	0	0
;BOSS之家	3	337	341	BOSS之家	0	29	0	0	0
VIP包厢		3	334	341	天牢神地		0	16	0	0	0
;摆摊传送	3	320	326	摆摊交易市场	0	17	0	0	0
天工神匠	3	320	329	天工神匠	0	25	0	0	0
;赤月之地	3	331	341	赤月之地	0	24	0	0	0
活动地图	3	341	326	活动地图	0	16	0	0	0
;极品宝阁	3	328	341	极品宝阁	0	15	0	0	0
免费打宝        3       331     341     免费打宝        0       13	0	0	0
;骗术曝光        3       340     343     防止骗子必看        0       12	0	0	0
;沙巴克铁匠	3	320	335	沙巴克铁匠	0	0	0	0	0
;神秘洞窟	3	335	341	邪恶洞窟	0	30	0	0	0
;天降霸者       3       320     320     天降霸者	0	21	0	0	0
升级奖励活动	0	290	613	游戏攻略\必看	0	49	0	0	0
升级奖励活动	0	648	624	游戏攻略\必看	0	49	0	0	0
升级奖励活动	3	342	341	游戏攻略\必看	0	49	0	0	0
;悬赏使者        3       332     320     悬赏使者        0       27	0	0	0
;勋章守护人	3	320	332	勋章守护人	0	2	0	0	0
;烟花之地	3	333	341	烟花之地	0	16	0	0	0
元宝回收	3	320	326	装备回收	0	10	0	0	0
悦来客栈	3	320	323	安全区仓库	0	12	0	0	0
;云海宝藏        3       324     341     云海宝藏	0	27	0	0	0
;转职大师       3       337     320     转职大师        0       18	0	0	0
第一男战	3	316	332	天下第一\男战	4	35	0	0	0
第一女战	3	314	334	天下第一\女战	4	36	0	0	0
第一男法	3	312	336	天下第一\男法	4	37	0	0	0
第一女法	3	310	338	天下第一\女法	4	38	0	0	0
第一男道	3	308	340	天下第一\男道	4	39	0	0	0
第一女道	3	306	342	天下第一\女道	4	40	0	0	0
PK房		3	346	324	生死ＰＫ房	0	15	0	0	0
老兵		3	323	320	老兵    	0	1	0	0	0
马仔		3	335	320	赌场胖妞	0	13	0	0	0
;行会争霸	3	320	329	行会争霸	0	15	0	0	0
;升级封号	3	326	320	特殊封号	0	16	0	0	0
;武馆教头	3	329	320	精门武馆	0	15	0	0	0
;面见圣上	3	335	320	面见圣上	0	9	0	0	0
;天关	        3	324	344	勇闯天关	0	14	0	0	0
;云海洞穴       3       324     341     云海洞穴	0	27	0	0	0
;玛法庄园        3	320	326	玛法庄园	0	13	0	0	0
;悠悠古墓        3	317	325	悠悠古墓	0	15	0	0	0
行会对战        3	338	321	行会对战	0	31	0	0	0
;诅咒禁地        3	320	344	诅咒禁地	0	19	0	0	0
玛法药商        3	341	330	快速买药	0	22	0	0	0
特色地图        3	320	341	特色地图        0	123	0	0	0
;云海末路        3	322	341	云海末路        0	27	0	0	0
;幸运使者        3	331	344	幸运使者        0	9	0	0	0
;残碎虚空        3	322	341	残碎虚空        0	18	0	0	0
;死亡之谷        3	326	341	死亡之谷        0	32	0	0	0
;ＰＫ圣地        3	319	317	ＰＫ圣地        0	71	0	0	0
;神秘之战        3	328	344	神秘之战        0	8	0	0	0
赞助大使        3	343	336	赞助大使        0	130	0	0	0
天下镖局        3	324	344	天下镖局        0	31	0	0	0
收镖师          3	410	327	收镖师\天下     0	24	0	0	0
;封印使者        3	323	344	封印使者        0	16	0	0	0
;天下阁          3	318	329	云海形象大使    0	98	0	0	0
;巅峰王者冠军    3	352	333	巅峰王者冠军    0	35	0	0	0
;RMB回收装备     3	320	331	RMB回收装备     0	12	0	0	0
;-------------------------------------------------------------------------------------------------
VIP包厢/刷怪员	VIP01	16	12	天牢看守员	0	28	0	0
VIP包厢/刷怪员	VIP02	16	12	天牢看守员	0	28	0	0
VIP包厢/刷怪员	VIP03	16	12	天牢看守员	0	28	0	0
VIP包厢/刷怪员	VIP04	16	12	天牢看守员	0	28	0	0
VIP包厢/刷怪员	VIP05	16	12	天牢看守员	0	28	0	0
VIP包厢/刷怪员	VIP06	16	12	天牢看守员	0	28	0	0
VIP包厢/刷怪员	VIP07	16	12	天牢看守员	0	28	0	0
VIP包厢/刷怪员	VIP08	16	12	天牢看守员	0	28	0	0
VIP包厢/刷怪员	VIP09	16	12	天牢看守员	0	28	0	0
VIP包厢/刷怪员	VIP10	16	12	天牢看守员	0	28	0	0
VIP包厢/刷怪员	VIP11	16	12	天牢看守员	0	28	0	0
VIP包厢/刷怪员	VIP12	16	12	天牢看守员	0	28	0	0
VIP包厢/刷怪员	VIP13	16	12	天牢看守员	0	28	0	0
VIP包厢/刷怪员	VIP14	16	12	天牢看守员	0	28	0	0
VIP包厢/刷怪员	VIP15	16	12	天牢看守员	0	28	0	0
VIP包厢/刷怪员	VIP16	16	12	天牢看守员	0	28	0	0
VIP包厢/刷怪员	VIP17	16	12	天牢看守员	0	28	0	0
VIP包厢/刷怪员	VIP18	16	12	天牢看守员	0	28	0	0
;-------------------------------------------------------------------------------------------------
特殊NPC/庄园园主	GA0	65	66	庄园园主	2	18	0	0	0
特殊NPC/王者之战	3	343	319	王者之战	2	27	0	0	0
特殊NPC/王者奖励	wangzhe3	20	18	王者奖励	2	27	0	0	0
特殊NPC/知县     	D411	69	39	知县	2	9	0	0	0
特殊NPC/知府     	D602	181	45	知府	2	9	0	0	0
特殊NPC/太守     	D022	43 	272	太守	2	9	0	0	0
特殊NPC/巡抚     	D713	369 	128	巡抚	2	9	0	0	0
特殊NPC/提督     	D503	212 	348	提督	2	9	0	0	0
特殊NPC/总督     	D2073	43 	43	总督	2	9	0	0	0
特殊NPC/尚书     	D2067	267 	52	尚书	2	9	0	0	0
特殊NPC/太傅     	D10013	46 	268	太傅	2	9	0	0	0
特殊NPC/圣上     	0122	26 	26	圣上	2	9	0	0	0
特殊NPC/云海阁一     	ZZBG1	50 	50	一层使者	2	16	0	0	0
特殊NPC/云海阁二     	ZZBG2	50 	50	二层使者	2	16	0	0	0
特殊NPC/云海阁三     	ZZBG3	50 	50	云海阁主	2	16	0	0	0
特殊NPC/云海洞三     	ZZD3	21 	25	云海洞主	2	16	0	0	0
;特殊NPC/白银使者     	BYDSG	10 	8	领取斗笠	0	12	0	0	0
;特殊NPC/黄金使者     	HJDSG	10 	8	领取斗笠	0	12	0	0	0
;特殊NPC/白金使者     	BJDSG	10 	8	领取斗笠	0	12	0	0	0
;特殊NPC/钻石使者     	ZSDSG	10 	8	领取斗笠	0	12	0	0	0
;特殊NPC/云海使者     	ZZDSG	10 	8	领取斗笠	0	12	0	0	0
特殊NPC/房主一     	PK1	13 	9	房主一  	0	21	0	0	0
特殊NPC/房主二     	PK2	10 	6	房主二  	0	21	0	0	0
特殊NPC/末路使者     	ZZML	19 	99	末路使者  	0	15	0	0	0
特殊NPC/监狱长       jianyu	10	6	监狱长  	0	15	0	0	0
特殊NPC/神秘奖励	SMZZ	24	25	神秘奖励	0	15	0	0	0
;-------------------------------------------------------------------------------------------------
;特殊NPC/天关            TG1     20      23      天关使者        2	14	0	0	0
;特殊NPC/天关            TG2     20      23      天关使者        2	14	0	0	0
;特殊NPC/天关            TG3     20      23      天关使者        2	14	0	0	0
;特殊NPC/天关            TG4     20      23      天关使者        2	14	0	0	0
;特殊NPC/天关            TG5     20      23      天关使者        2	14	0	0	0
;特殊NPC/天关            TG6     20      23      天关使者        2	14	0	0	0
;特殊NPC/天关            TG7     20      23      天关使者        2	14	0	0	0
;特殊NPC/天关            TG8     20      23      天关使者        2	14	0	0	0
;特殊NPC/天关            TG9     20      23      天关使者        2	14	0	0	0
;特殊NPC/天关            TG10     20      23      天关使者        2	14	0	0	0
;特殊NPC/天关            TG11     20      23      天关使者        2	14	0	0	0
;特殊NPC/天关            TG12     20      23      天关使者        2	14	0	0	0
;特殊NPC/天关            TG13     20      23      天关使者        2	14	0	0	0
;特殊NPC/天关            TG14     20      23      天关使者        2	14	0	0	0
;特殊NPC/天关            TG15     20      23      天关使者        2	14	0	0	0
;特殊NPC/天关            TG16     20      23      天关使者        2	14	0	0	0
;特殊NPC/天关            TG17     20      23      天关使者        2	14	0	0	0
;特殊NPC/天关            TG18     20      23      天关使者        2	14	0	0	0
剑宗阁 3 320 335 剑宗阁 0 131 0 0 0
;转生使者 3 320 341 转生使者 0 31 0 0
云海神殿 3 316 341 云海神殿 0 119 0 0
中级地图 3 328 341 中级地图 0 95 0 0
高级地图 3 324 341 高级地图 0 97 0 0
任务地图 3 337 341 任务地图 0 96 0 0
功能NPC  3 327 320 功能NPC  0 79 0 0
综合服务 3 331 320 综合服务 0 129 0 0
活动     3 328 344 本服活动 0 17 0 0
特色副本 3 331 344 特色副本 0 1 0 0


元宝充值管理 3 343 338 元宝充值管理 3 12 0 0 0 0 0
元宝充值管理 0 327 269 元宝充值管理 3 12 0 0 0 0 0

;freenet
元宝充值使者 0 332 264 元宝充值使者  0 12 0
元宝充值使者 3 343 338 元宝充值使者  0 12 0
;endfreenet
