代码  x     y     名称          范围  数量  时间
;比齐城
;0111  8     12    练功师          0     1     10

;白日门馆长屋
1002  12    12    虎卫            5     1     20

;盟重大地图
3     325   311   弓箭护卫        0     1     10
3     348   332   弓箭护卫        0     1     10
3     296   334   弓箭护卫        0     1     10
3     302   340   弓箭护卫        0     1     10
3     305   290   弓箭护卫        0     1     10
3     288   305   弓箭护卫        0     1     10
3     302   370   弓箭护卫        0     1     10
3     339   313   弓箭护卫        0     1     10
3     356   338   弓箭怪物        0     1     180
3     407   327   盗宝贼          0     1     60

0     350   200   鸡              25    35     3
0     280   260   鸡              25    35     3
0     405   240   鸡              25    35     3
0     340   310   鸡              25    35     3
0     600   580   鹿              40    40     3
0     663   661   鸡              20    40     3
0     295   625   鸡              50    40     3
0     645   625   鸡              40    40     3

;比奇省北部
;0     110   60    稻草人          70    20    3
;0     110   80    多钩猫          60    20    3
;0     220   60    稻草人          60    20    3
;0     150   130   多钩猫          20    50    3
;0     140   100   钉耙猫          20    50    3
;0     90    240   半兽人          60    20    3
;0     65    185   毒蜘蛛          30    20    3
;0     120   200   食人花          60    20    3
;0     210   185   鹿              45    20    3
;0     265   125   鹿              45    20    3
;0     310   95    鹿              45    20    7
;0     225   20    蛤蟆            20    30    7
;0     280   380   蛤蟆            20    30    7
;0     340   80    蛤蟆            20    30    7
;0     60    300   毒蜘蛛          60    20    7
;比奇省东部
;0     420   95    半兽人          50    20      9
;0     570   120   毒蜘蛛          80    20      9
;0     615   110   毒蜘蛛          50    20      9
;0     560   200   半兽人          90    20      9
;0     620   370   毒蜘蛛          60    20      9
;0     420   380   鹿              45    20      3
;0     470   330   鹿              45    20      3
;0     395   420   蛤蟆            20    40      5
;0     475   500   食人花          90    20      5
;0     405   515   蛤蟆            30    20      6
;0     500   400   稻草人0         50    20      2
;0     510   410   多钩猫0         50    20      2
;0     510   410   钉耙猫0         50    20      2
;0     560   320   半兽人          90    20      5
;0     480   450   半兽人          60    20      5
;0     600   400   森林雪人        70    20      5
;0     600   400   半兽人          80    20      5
;0     610   405   食人花          60    20      9
;0     650   420   毒蜘蛛          30    30      9

;0     600   580   鹿              40   20      2
;0     663   661   鸡              20   20      2
;0     540   530   稻草人0         70   20      2
;0     550   550   鹿              70   20      2
;0     570   610   鹿              50   20      2
;0     640   520   多钩猫0         50   20      2
;0     640   520   钉耙猫0         50   20      2
;0     640   530   稻草人0         50   20      2

;0     205   325   鹿              50   20      5
;0     260   380   鹿              50   20      5
;0     300   410   蛤蟆            50   20      6
;0     200   400   稻草人0         50   20      6
;0     180   420   多钩猫0         50   20      6
;0     180   420   钉耙猫0         50   20      6
;0     110   425   森林雪人        70   20      7
;0     110   440   半兽人          70   20      7
;0     220   470   半兽人          70   20      7
;0     140   500   半兽人          50   20      7
;0     130   510   食人花          70   20      9
;0     165   550   森林雪人        60   20      7
;0     340   550   钉耙猫0         50   20      2
;0     340   550   多钩猫0         50   20      2
;0     340   550   鹿              50   20      2
;0     247   565   鹿              50   20      2
;0     330   530   稻草人0         40   20      2
;0     270   625   鹿              60   20      2
;0     270   625   稻草人0         60   20      2
;0     295   625   鸡              50   20      5
;0     645   625   鸡              40   20      5

;半兽人洞穴1
;D001  200   200   蝎子            400   20    25
;D001  200   200   骷髅            400   20    25
;D001  200   200   骷髅战士        400   20    25
;D001  200   200   洞蛆            200   15    25
;D001  200   200   山洞蝙蝠        200   15    25
;D001  200   200   山洞蝙蝠        200   15    25
;D001  200   200   骷髅精灵        200   10    120
;特殊
;D001  200   200   骷髅战士        200   1     25
;D001  200   200   骷髅            200   1     25
;D001  190   125   蝎子            30    4     25
;D001  250   260   骷髅            30    6     25
;D001  250   90    山洞蝙蝠        30    5     25
;D001  30    30    山洞蝙蝠        50    8     50

;D022  250   250   粪虫            250   12    9
;D022  250   250   沃玛战士        250   14    9
;D022  250   250   沃玛勇士        250   9     9
;D022  250   250   沃玛战将        250   9     9
;D022  250   250   火焰沃玛        250   6     9
;D022  200   200   沃玛卫士        200   2     120
;特殊
;D022  250   250   沃玛战士0       250   1     10
;D022  250   250   沃玛勇士0       250   1     10
;D022  250   250   沃玛战将0       250   1     10
;D022  250   250   火焰沃玛0       250   1     10
;D022  250   250   山洞蝙蝠0       250   1     10
;D022  250   250   山洞蝙蝠0       250   1     10

;D023  200   200   暗黑战士        200   30    9
;D023  200   200   粪虫            200   10    9
;D023  200   200   沃玛战士        200   20    9
;D023  200   200   沃玛勇士        200   40    9
;D023  200   200   沃玛战将        200   40    9
;D023  200   200   火焰沃玛        200   20    9
;D023  200   200   沃玛卫士        200   2     120
;D023  200   200   山洞蝙蝠        200   5     9     100
;D023  200   200   山洞蝙蝠        200   5     9     100
;D023  200   200   山洞蝙蝠        200   5     9     100
;D023  200   200   山洞蝙蝠        200   10    9
;特殊
;D023  200   200   暗黑战士0       200   1     20
;D023  200   200   沃玛战士0       200   1     20
;D023  200   200   沃玛勇士0       200   1     20
;D023  200   200   沃玛战将0       200   1     20
;D023  200   200   火焰沃玛0       200   1     20
;D023  200   200   山洞蝙蝠0       200   1     20

;沃玛三
D024  50    50    沃玛教主        20    1     30
D024  50    50    沃玛卫士        30    1     30
D024  40    40    沃玛勇士        20    6     5     50
D024  40    40    沃玛战将        20    6     5     50
D024  40    40    火焰沃玛        20    6     5     50
D024  40    40    暗黑战士        20    5     5     50
D024  50    50    沃玛勇士        20    7     5     50
D024  50    50    沃玛战将        20    7     5     50
D024  50    50    火焰沃玛        20    7     5     50
D024  50    50    暗黑战士        20    5     5     50
D024  60    60    沃玛勇士        20    3     5     50
D024  60    60    沃玛战将        20    3     5     50
D024  60    60    火焰沃玛        20    3     5     50
D024  60    60    暗黑战士        20    5     5     50
D024  40    50    沃玛勇士        20    3     5
D024  40    50    沃玛战将        20    3     5
D024  40    50    火焰沃玛        20    3     5
D024  40    50    暗黑战士        20    5     5
D024  50    40    沃玛勇士        20    3     5
D024  50    40    沃玛战将        20    3     5
D024  50    40    火焰沃玛        20    3     5
D024  50    40    暗黑战士        20    5     5
D024  60    50    沃玛勇士        20    3     5
D024  60    50    沃玛战将        20    3     5
D024  60    50    火焰沃玛        20    3     5
D024  60    50    暗黑战士        20    5     5
D024  50    60    沃玛勇士        20    3     5
D024  50    60    沃玛战将        20    3     5
D024  50    60    火焰沃玛        20    3     5
D024  50    60    暗黑战士        20    5     5
D024  83    84    沃玛战士        7     5     5
D024  83    84    沃玛勇士        7     5     5
D024  83    84    火焰沃玛        7     5     5
D024  83    84    暗黑战士        7     8     5
D024  20    21    沃玛勇士        7     5     5
D024  20    21    沃玛战将        7     5     5
D024  20    21    火焰沃玛        7     5     5
D024  20    21    暗黑战士        7     8     5

;特殊
D024  42    49    暗黑战士0       30    1     60
D024  42    49    沃玛勇士0       30    1     60
D024  42    49    沃玛战将0       30    1     60
D024  42    49    火焰沃玛0       30    1     60


;D401  100   100   僵尸2           100   105    10
;D401  100   100   僵尸3           100   105    10
;D401  100   100   洞蛆            100   45    10

;D401  100   100   僵尸20          100   1     80
;D401  100   100   僵尸30          100   1     80

;D402  100   100   僵尸2           100   105    8
;D402  100   100   僵尸3           100   105    8
;D402  100   100   洞蛆            100   45    8

;D402  100   100   僵尸20          100   1     80
;D402  100   100   僵尸30          100   1     80

;D403  100   100   僵尸2           100   105    8
;D403  100   100   僵尸3           100   105    8
;D403  100   100   僵尸5           100   45    8

;D403  100   100   僵尸20          100   1     100
;D403  100   100   僵尸30          100   1     100
;D403  100   100   僵尸50          100   1     100

;D404  100   100   僵尸1           100   30    8
;D404  100   100   僵尸3           100   105    8
;D404  100   100   僵尸4           100   75    8
D404  100   100   尸王            100   5     10
D404  100   100   尸王3           100   5     10

;D404  100   100   僵尸10          100   1     100
;D404  100   100   僵尸30          100   1     100
;D404  100   100   僵尸40          100   1     100

;D405  100   100   僵尸1           100   15    8
;D405  100   100   僵尸4           100   75    8
;D405  100   100   僵尸5           100   90    8
D405  100   100   尸王            100   5     10
D405  100   100   尸王3           100   5     10

;D405  100   100   僵尸10          100   1     100
;D405  100   100   僵尸40          100   1     100
;D405  100   100   僵尸50          100   1     100

;D406  100   100   僵尸4           100   75    8
;D406  100   100   僵尸1           100   30    8
;D406  100   100   僵尸5           100   45    8
;D406  100   100   僵尸2           100   30    8
D406  100   100   尸王             100   5     10
D406  100   100   尸王3            100   5     10

;D406  100   100   僵尸40          100   1     100
;D406  100   100   僵尸10          100   1     100
;D406  100   100   僵尸50          100   1     100
;D406  100   100   僵尸20          100   1     100

;D411  50    50    僵尸2           50    40    9
;D413  50    50    僵尸3           50    40    9
;D412  50    50    僵尸4           50    40    9
;D416  50    50    僵尸5           50    40    9
;D415  50    50    僵尸5           50    40    9

;D411  50    50    僵尸20          50    1     60
;D413  50    50    僵尸30          50    1     60
;D412  50    50    僵尸40          50    1     60
;D416  50    50    僵尸50          50    1     60
;D415  50    50    僵尸50          50    1     60

;D421  184   138   僵尸2           180   150   8
;D421  184   138   僵尸3           180   150   8
;D421  184   138   僵尸4           180   150   8
D421  100   100   尸王             100   5     10
D421  100   100   尸王3            100   5     10

;D421  200   200   僵尸20          180   1     100
;D421  200   200   僵尸30          180   1     100
;D421  200   200   僵尸40          180   1     100


;D422  200   200   僵尸1           180   75    8
;D422  200   200   僵尸2           180   75    8
;D422  200   200   僵尸4           180   150   8
;D422  200   200   僵尸5           180   150   8
D422  100   100   尸王             100   5     10
D422  100   100   尸王3            100   5     10

;D422  200   200   僵尸10          180   1     100
;D422  200   200   僵尸20          180   1     100
;D422  200   200   僵尸40          180   1     100
;D422  200   200   僵尸50          180   1     100

;法玛一
Fama1 31    38    牛魔将军88          400   20    10
Fama1 31    38    牛魔侍卫88          400   20    10
Fama1 31    38    白野猪88            400   20    10
Fama1 31    38    牛魔祭祀88          400   10    10
Fama1 31    38    祖玛卫士88　        400   10    20
Fama1 31    38    祖玛雕像88          400   10    10
Fama1 31    38    祖玛弓箭手88        400   10    10
Fama1 31    38    牛魔将军88          400   20    10
Fama1 31    38    牛魔侍卫88          400   30    10
Fama1 31    38    白野猪88            400   20    10
Fama1 31    38    牛魔祭祀88          400   30    10
Fama1 31    38    祖玛卫士88　        400   20    20
Fama1 31    38    祖玛雕像88          400   30    10
Fama1 31    38    祖玛弓箭手88        400   20    10

;法玛二
Fama2 31    38    白野猪88           400    30    10
Fama2 31    38    牛魔王88           400    4     20
Fama2 31    38    双头金刚88         400    2     30
Fama2 31    38    双头血魔88         400    2     30
Fama2 31    38    黄泉教主88         400    1     30
Fama2 31    38    虹魔教主88         400    1     30
Fama2 31    38    牛魔祭祀88         400    10    10
Fama2 31    38    祖玛卫士88　       400    18    10
Fama2 31    38    祖玛雕像88         400    18    10
Fama2 31    38    祖玛弓箭手88       400    18    10
Fama2 31    38    白野猪88           400    10    10
Fama2 31    38    牛魔王88           400    4     20
Fama2 31    38    牛魔祭祀88         400    20    10
Fama2 31    38    祖玛卫士88　       400    28    10
Fama2 31    38    祖玛雕像88         400    28    10
Fama2 31    38    祖玛弓箭手88       400    28    10

;法玛三
Fama3 31    38     月魔蜘蛛          400    20   10
Fama3 31    38    白野猪88           400    20   10
Fama3 31    38    祖玛弓箭手88       400    30    10
Fama3 31    38    祖玛卫士88　       400    18   10
Fama3 31    38    祖玛雕像88         400    18   10
Fama3 42    19    赤月恶魔88         0      1    60
Fama3 14    47    双头金刚88         400    2    60
Fama3 31    38    双头血魔88         400    2    60
Fama3 31    38    重装使者88         400    1    60
Fama3 31    38    赤月恶魔88　       0      1    60
Fama3 31    38    地藏魔王88         400    1    60
Fama3 31    38    牛魔王88           400    6    20
Fama3   50   50     暗之沃玛教主   400   1     60
Fama3   50   50     暗之骷髅精灵   400   1     60
Fama3   50   50     暗之双头金刚   400   1     60
Fama3   50   50     暗之黄泉教主   400   1     60
Fama3   50   50     暗之双头血魔   400   1     60
Fama3   50   50     暗之虹魔教主   400   1     60
Fama3 21    28    白野猪88         400    10   10
Fama3 21    28    祖玛弓箭手88     400    20   10


;法玛四
FAMA4 25    18    牛魔王            75       2     30
FAMA4 22    28    月魔蜘蛛          75      20     20
FAMA4 31    15    祖玛教主          400     1   30
FAMA4 28    18    赤月恶魔88         0      1    45
FAMA4 28    17    双头金刚88         400    1    30
FAMA4 22    31    双头血魔88         400    1    30
FAMA4 24    38    牛魔王88           400    2    45
FAMA4 24    38    暗之牛魔王         400    2    45
FAMA4 22    35    赤月恶魔           400    1    45


;法玛皇宫
;GA1     20  32         祖玛卫士88    50      30      15
;GA1     20  32         月魔蜘蛛    50      15      15
;GA1     16  36          血巨人     50      10      15
;GA1     26  26         邪恶巨人    50      5       30
;GA1     20  32         暗之牛魔王  0       1       30
;GA1     16  26         暗之邪恶毒蛇    0       1       30
;GA1     16  29         暗之邪恶毒蛇    0       1       60
;GA1     20  22         暗之白野猪   0       1       30
;GA1     20  28         暗之白野猪   0       1       60
;GA1     11  30         祖玛教主    0       1       30
;GA1     31    38    祖玛弓箭手88        400   20    10
;GA1	75  114 	暗之双头金刚	 150	 1	 120
;GA1	75  114 	暗之虹魔教主	 150	 1	 120
;GA1	75  114 	暗之骷髅精灵	 150	 1	 150
;GA1	75  114 	暗之沃玛教主	 150	 1	 150
;GA1	75  114 	暗之双头血魔	 150	 1	 180
;GA1     75  114 	暗之黄泉教主	 150	 1	 180

;法玛五
;Fama5 31    38     月魔蜘蛛          400    20   10
;Fama5 31    38    白野猪88           400    50   10
;Fama5 31    38    祖玛弓箭手88       400    30    10
;Fama5 31    38    祖玛卫士88　       400    18   10
;Fama5 31    38    祖玛雕像88         400    18   10
;Fama5 42    19    赤月恶魔88         0      1    30
;Fama5 14    47    双头金刚88         400    2    15
;Fama5 31    38    双头血魔88         400    2    15
;Fama5 31    38    重装使者88         400    1    45
;Fama5 31    38    赤月恶魔88　       0      1    30
;Fama5 31    38    地藏魔王88         400    1    45
;Fama5 31    38    牛魔王88           400    6    10
;Fama5   50   50     暗之沃玛教主   400   1     30
;Fama5   50   50     暗之骷髅精灵   400   1     30
;Fama5   50   50     暗之双头金刚   400   1     30
;Fama5   50   50     暗之黄泉教主   400   1     30
;Fama5   50   50     暗之双头血魔   400   1     30
;Fama5   50   50     暗之虹魔教主   400   1     30
;Fama5 21    28     月魔蜘蛛          400    10   10
;Fama5 21    28    白野猪88           400    10   10
;Fama5 21    28    祖玛弓箭手88       400    20   10
;Fama5 11    18    祖玛卫士88　       400    28   10
;Fama5 11   18    祖玛雕像88         400    18   10


;法玛六
;Fama6 31    38     月魔蜘蛛          400    20   10
;Fama6 31    38    白野猪88           400    50   10
;Fama6 31    38    祖玛弓箭手88       400    30    10
;Fama6 31    38    祖玛卫士88　       400    18   10
;Fama6 31    38    祖玛雕像88         400    18   10
;Fama6 42    19    赤月恶魔88         0      1    30
;Fama6 14    47    双头金刚88         400    2    15
;Fama6 31    38    双头血魔88         400    2    15
;Fama6 31    38    重装使者88         400    1    45
;Fama6 31    38    赤月恶魔88　       0      1    30
;Fama6 31    38    地藏魔王88         400    1    45
;Fama6 31    38    牛魔王88           400    6    10
;Fama6   50   50     暗之沃玛教主   400   1     30
;Fama6   50   50     暗之骷髅精灵   400   1     30
;Fama6   50   50     暗之双头金刚   400   1     30
;Fama6   50   50     暗之黄泉教主   400   1     30
;Fama6   50   50     暗之双头血魔   400   1     30
;Fama6   50   50     暗之虹魔教主   400   1     30
;Fama6 21    28     月魔蜘蛛          400    10   10
;Fama6 21    28    白野猪88           400    10   10
;Fama6 21    28    祖玛弓箭手88       400    20   10
;Fama6 11    18    祖玛卫士88　       400    28   10
;Fama6 11   18    祖玛雕像88         400    18   10

D501  200   200   楔蛾            100   2     8
D501  100   300   楔蛾            100   2     8
D501  300   100   楔蛾            100   2     8
D501  100   100   楔蛾            100   2     8
D501  200   200   大老鼠          100   8     8
D501  660   660   大老鼠          100   8     8
D501  200   200   大老鼠0         200   3     20

D502  200   200   大老鼠          100   8     8
D502  100   300   大老鼠          100   8     8
D502  200   200   角蝇            100   1     8
D502  100   300   楔蛾            100   3     8
D502  200   200   大老鼠0         200   3     20

D503  200   200   角蝇            100   1     8
D503  100   300   角蝇            100   1     8
D503  300   100   楔蛾            100   8     8
D503  100   100   楔蛾            100   8     8
D503  300   300   楔蛾            100   8     8
D503  200   200   祖玛弓箭手      100   10    8
D503  100   300   祖玛弓箭手      100   10    8
D503  200   200   祖玛卫士0       200   1     20
D503  200   200   祖玛雕像0       200   1     20
D503  200   200   大老鼠0         200   1     20
D503  200   200   祖玛雕像3       200   10    60
D503  200   200   祖玛卫士3       200   10    60
D503  200   200   祖玛弓箭手3     200   10    60

D504  200   200   祖玛弓箭手      180   20    8
D504  200   200   祖玛雕像        180   20    8
D504  200   200   祖玛卫士        180   20    8
D504  200   200   楔蛾            180   20    8
D504  200   200   角蝇            100   1     8
D504  100   300   角蝇            100   1     8
D504  300   100   楔蛾            100   15    8
D504  100   100   楔蛾            100   15    8
D504  200   200   祖玛卫士0       200   1     20
D504  200   200   祖玛卫士10      200   1     60
D504  200   200   祖玛雕像0       200   1     20
D504  200   200   大老鼠0         200   1     20
D504  200   200   祖玛雕像3       200   10    60
D504  200   200   祖玛卫士3       200   10     60
D504  200   200   祖玛弓箭手3     200   10     60

D504  225   175   祖玛卫士00      8     1     120   50
D504  225   175   祖玛卫士        8     7     120   50
D504  225   175   楔蛾            8     10    120   50
D504  225   175   祖玛弓箭手      8     8     120   50
D504  225   175   角蝇            8     5     120   50
D504  225   175   祖玛雕像        8     10    120   50
D505  100   100   祖玛弓箭手      100   30   10
D505  100   100   祖玛雕像        100   30   10
D505  100   100   祖玛雕像0       100   1     20
D505  154   172   祖玛卫士00      8     1     30   50
D505  154   172   祖玛卫士        8     7     30   50
D505  154   172   祖玛卫士3       8     7     1     50
D505  154   172   楔蛾            8     8     30   50
D505  154   172   祖玛弓箭手      8     8     30   50
D505  154   172   角蝇            8     2     30   50
D505  154   172   祖玛雕像        8     8     30   50

D5061 11    13    祖玛雕像        2     1     10
D5061 11    13    祖玛弓箭手      2     1     8
D5061 11    13    祖玛卫士        2     1     9
D5061 11    13    楔蛾            2     12     5
D5061 11    13    角蝇            2     1     5
D5061 63    73    楔蛾            2     2     12
D5061 63    73    角蝇            2     1     12
D5061 63    73    祖玛弓箭手      2     1     12
D5061 87    73    祖玛雕像        2     1     12
D5061 87    73    祖玛卫士        2     1     12
D5061 87    73    楔蛾            2     2    12
D5061 87    73    楔蛾            2     1     12
D5061 87    73    祖玛弓箭手      2     1     3
D5061 50    50    祖玛雕像0       50    1     120
D5061 50    50    祖玛卫士0       50    1     120
D5061 50    50    祖玛弓箭手0     50    1     120

D5062 11    13    祖玛雕像        2     1     3
D5062 11    13    祖玛弓箭手      2     1     3
D5062 11    13    祖玛卫士        2     1     3
D5062 11    13    楔蛾            2     2     5
D5062 11    13    角蝇            2     1     5
D5062 37    13    祖玛雕像        2     1     3
D5062 37    13    祖玛弓箭手      2     1     3
D5062 63    73    祖玛弓箭手      2     1     3
D5062 87    73    祖玛雕像        2     1     3
D5062 87    73    祖玛卫士        2     1     3
D5062 87    73    楔蛾            2     2     5
D5062 87    73    楔蛾            2     1     5
D5062 87    73    祖玛弓箭手      2     2     3
D5062 50    50    祖玛雕像0       50    1     120
D5062 50    50    祖玛卫士0       50    1     120
D5062 50    50    祖玛弓箭手0     50    1     120
D5063 11    13    祖玛雕像        2     1     3
D5063 11    13    祖玛弓箭手      2     1     3
D5063 11    13    祖玛卫士        2     1     3
D5063 11    13    楔蛾            2     2     5
D5063 37    41    角蝇            2     1     5
D5063 37    41    祖玛卫士        2     1     3
D5063 63    41    祖玛雕像        2     1     3
D5063 63    41    楔蛾            2     2     5
D5063 63    41    楔蛾            2     1     5
D5064 11    41    祖玛雕像        2     1     3
D5064 11    41    祖玛卫士        2     1     3
D5064 11    41    楔蛾            2     2     5
D5064 11    41    楔蛾            2     1     5
D5064 11    41    祖玛弓箭手      2     1     3
D5064 37    41    祖玛卫士        2     1     3
D5064 37    41    祖玛雕像        2     1     3
D5064 37    41    楔蛾            2     2     5
D5064 37    41    角蝇            2     1     5
D5064 37    41    祖玛卫士        2     1     3
D5064 63    41    祖玛雕像        2     1     3
D5064 63    41    楔蛾            2     2     5
D5064 63    41    楔蛾            2     1     5
D5064 63    41    祖玛弓箭手      2     1     3
D5064 63    41    祖玛卫士        2     1     3
D5064 89    41    祖玛雕像        2     1     3
D5064 89    41    祖玛卫士        2     1     3
D5064 50    50    祖玛雕像3       50    1     120
D5064 50    50    祖玛卫士3       50    1     120
D5064 50    50    祖玛弓箭手3     50    1     120

D5065 11    13    祖玛雕像        2     1     3
D5065 11    13    祖玛弓箭手      2     1     3
D5065 11    13    祖玛卫士        2     1     3
D5065 87    73    楔蛾            2     1     5
D5065 87    73    祖玛弓箭手      2     1     3
D5065 50    50    祖玛雕像0       50    1     120
D5065 50    50    祖玛卫士0       50    1     120
D5065 50    50    祖玛弓箭手0     50    1     120

D5066 11    13    祖玛雕像        2     1     3
D5066 11    13    祖玛弓箭手      2     1     3
D5066 11    13    祖玛卫士        2     1     3
D5066 11    13    楔蛾            2     2     5
D5066 87    73    祖玛弓箭手      2     1     3
D5066 50    50    祖玛雕像0       50    1     120
D5066 50    50    祖玛卫士0       50    1     120
D5066 50    50    祖玛弓箭手0     50    1     120

D5067 11    13    祖玛雕像        2     1     3
D5067 11    13    祖玛弓箭手      2     1     3
D5067 11    13    祖玛卫士        2     1     3
D5067 11    13    楔蛾            2     2     5
D5069 63    73    祖玛弓箭手      2     1     3
D5069 87    73    祖玛雕像        2     1     3
D5069 87    73    祖玛卫士        2     1     3
D5069 87    73    角蝇            2     1     5
D5069 87    73    祖玛弓箭手      2     1     3
D5069 50    50    祖玛雕像0       50    1     120
D5069 50    50    祖玛卫士0       50    1     120
D5069 50    50    祖玛弓箭手0     50    1     120

D5072 50    50    祖玛雕像        50    40    8
D5072 50    50    祖玛卫士        50    40    8
D5072 50    50    祖玛弓箭手      50    40    8
D5072 50    50    角蝇            50    5     8
D5072 50    50    祖玛雕像3       50    20    10
D5072 50    50    祖玛卫士3       50    20    10
D5072 50    50    祖玛弓箭手3     50    20    10
D5072 50    50    祖玛雕像0       50    20    10
D5072 50    50    祖玛卫士0       50    20    10
D5072 50    50    祖玛弓箭手0     50    20    10

D5073 50    50    祖玛雕像        50    40    8
D5073 50    50    祖玛卫士        50    40    8
D5073 50    50    祖玛弓箭手      50    50    8
D5073 50    50    角蝇            50    6     8
D5073 50    50    祖玛雕像3       50    20    10
D5073 50    50    祖玛卫士3       50    20    10
D5073 50    50    祖玛弓箭手3     50    20    10
D5073 50    50    祖玛雕像0       50    20    10
D5073 50    50    祖玛卫士0       50    20    10
D5073 50    50    祖玛弓箭手0     50    20    10

D5074 50    50    祖玛雕像        50    40    11
D5074 50    50    祖玛卫士        50    40    11
D5074 50    50    祖玛卫士3       50    30    11
D5074 50    50    祖玛弓箭手      50    40    11
D5074 50    50    大老鼠          50    40    11
D5074 73    22    祖玛雕像        50    20    11
D5074 73    22    祖玛卫士        50    20    11
D5074 73    22    祖玛弓箭手      50    20    11
D5074 73    22    角蝇            50    20    11
D5074 50    50    祖玛雕像3       50    20    21
D5074 50    50    祖玛卫士3       50    20    21
D5074 50    50    祖玛弓箭手3     50    20    11
D5074 50    50    祖玛雕像0       50    15    13
D5074 50    50    祖玛卫士0       50    20    13
D5074 50    50    祖玛弓箭手0     50    20    13

D515  22    20    角蝇            20    2     16
D515  73    22    楔蛾            7     10     11
D515  19    24    祖玛教主        0     1     30

D601  40    27    蜈蚣            50    10    6
D601  18    166   蜈蚣            50    10    6
D601  161   208   蜈蚣            50    10    6
D601  84    104   蜈蚣            50    10    6
D601  187   36    蜈蚣            50    10    6
D601  144   73    蜈蚣            50    10    6
D601  144   73    巨型蠕虫        50    10    6
D601  40    27    黑色恶蛆        50    8     6
D601  18    166   黑色恶蛆        50    8     6
D601  187   36    黑色恶蛆        50    8     6
D601  144   73    黑色恶蛆        50    8     6

D601  100   100   蜈蚣0           100   1     15
D601  100   100   跳跳蜂0         100   1     15
D601  100   100   巨型蠕虫0       100   1     15
D601  100   100   黑色恶蛆0       100   1     15

D602  60    47    蜈蚣            60    10    6
D602  101   101   蜈蚣            60    10    6
D602  78    167   蜈蚣            60    10    6
D602  144   151   蜈蚣            60    10    6
D602  178   43    蜈蚣            60    10    6
D602  101   101   黑色恶蛆        60    8     6
D602  78    167   黑色恶蛆        60    8     6
D602  144   151   黑色恶蛆        60    8     6
D602  178   43    黑色恶蛆        60    8     6

D602  100   100   蜈蚣0           100   1     15
D602  100   100   钳虫0           100   1     15
D602  100   100   黑色恶蛆0       100   1     15

D603  76    94    黑色恶蛆        60    10    6
D603  60    150   黑色恶蛆        60    10    6
D603  159   59    黑色恶蛆        60    10    6
D603  138   161   黑色恶蛆        60    10    6
D603  76    94    钳虫            60    10    7
D603  60    150   钳虫            60    10    7
D603  100   100   钳虫            100   10    10    50
D603  100   100   钳虫            100   10    10    50
D603  100   100   邪恶钳虫        100   1     180
D603  100   100   黑色恶蛆0       100   1     15
D603  100   100   钳虫0           100   1     15
D603  100   100   蜈蚣0           100   1     15

D604  35    42    黑色恶蛆        60    10    7
D604  52    130   黑色恶蛆        60    10    7
D604  148   50    黑色恶蛆        60    10    7
D604  148   50    蜈蚣            60    10    7
D604  118   112   蜈蚣            60    10    7
D604  100   100   钳虫            100   10    10    50
D604  100   100   钳虫            100   10    10    50
D604  100   100   蜈蚣            100   10    10    50
D604  100   100   蜈蚣            100   10    10    50
D604  100   100   邪恶钳虫        100   1     180

D606  19    39    黑色恶蛆        70    15    7
D606  97    81    黑色恶蛆        70    15    7
D606  57    166   黑色恶蛆        70    15    7
D606  100   100   钳虫            100   10    10    50
D606  100   100   蜈蚣            100   50    7
D606  100   100   蜈蚣            100   10    10    50
D606  100   100   蜈蚣            100   10    10    50
D606  100   100   邪恶钳虫        100   2     180
D606  83    168   触龙神          0     1     180
D606  77    170   蜈蚣            6     30    5     80
D606  100   100   蜈蚣0           50    1     10
D606  100   100   跳跳蜂0         50    1     10
D606  100   100   巨型蠕虫0       50    1     10
D606  100   100   钳虫0           50    1     10

D612  70    76    黑色恶蛆        70    15    7
D612  210   72    黑色恶蛆        70    15    7
D612  70    76    钳虫            70    15    7
D612  210   72    钳虫            70    15    7
D612  178   127   钳虫            70    15    7
D612  150   150   钳虫            100   13    10
D612  150   150   钳虫            100   13    10
D612  150   150   蜈蚣            100   13    10
D612  150   150   蜈蚣            100   13    10
D612  150   150   邪恶钳虫        150   1     120
D612  150   150   邪恶钳虫2       150   1     60

D618  150   150   蜈蚣0           100   1     10
D618  150   150   跳跳蜂0         100   1     10
D618  150   150   巨型蠕虫0       100   1     10
D618  150   150   钳虫0           100   1     10
D618  150   150   黑色恶蛆0       100   1     10

D613  19    17    钳虫            50    8     7
D613  41    23    钳虫            50    13    7
D613  50    50    巨型蠕虫0       70    1     15
D613  50    50    钳虫0           70    1     15
D613  50    50    黑色恶蛆0       70    1     15
D613  50    50    邪恶钳虫2       70    1     15
D615  44    16    巨型蠕虫        50    13    7
D615  50    50    黑色恶蛆0       70    1     15
D615  50    50    邪恶钳虫2       70    1     60


D616  20    21    跳跳蜂          50    13    7
D616  23    38    跳跳蜂          50    8     7
D616  25    62    跳跳蜂          50    8     7
D616  11    71    跳跳蜂          50    13    7
D616  62    66    跳跳蜂          50    8     7
D616  50    50    巨型蠕虫0       70    1     15
D616  50    50    钳虫0           70    1     15
D616  50    50    黑色恶蛆0       70    1     15
D618  100   100   蜈蚣            100   30    7
D618  100   100   蜈蚣            100   13    10
D618  100   100   蜈蚣            100   13    10
D618  100   100   邪恶钳虫        100   1     120
D618  100   100   邪恶钳虫2       100   1     30
D618  100   100   蜈蚣0           70    1     15
D618  100   100   跳跳蜂0         70    1     15
D618  100   100   巨型蠕虫0       70    1     15
D618  100   100   钳虫0           70    1     15
D618  100   100   黑色恶蛆0       70    1     15

D701  100   100   僵尸5           100   20    10

D711  251   41    红野猪          30    8     10
D711  321   72    红野猪          30    8     10
D711  363   146   红野猪          30    7     10
D711  112   250   黑野猪          30    5     10
D711  114   314   黑野猪          30    5     10
D711  304   340   黑野猪          30    5     10
D711  251   41    黑色恶蛆        30    8     10
D711  321   72    黑色恶蛆        30    8     10
D711  112   250   黑色恶蛆        30    8     10
D711  114   314   黑色恶蛆        30    8     10
D711  304   340   黑色恶蛆        30    8     10
D711  200   200   楔蛾            200   25    10
D711  200   200   红野猪0         200   1     30
D711  200   200   黑野猪0         200   1     30
D711  200   200   黑色恶蛆0       200   1     30

D712  251   41    红野猪          30    7     10
D712  321   72    红野猪          30    7     10
D712  363   146   红野猪          30    7     10
D712  350   303   红野猪          30    7     10
D712  111   105   黑野猪          30    5     10
D712  255   306   黑色恶蛆        30    5     10
D712  287   286   黑色恶蛆        30    5     10
D712  304   340   黑色恶蛆        30    5     10
D712  200   200   楔蛾            200   35    10

D712  200   200   红野猪0         200   1     30
D712  200   200   黑野猪0         200   1     30
D712  200   200   黑色恶蛆0       200   1     30

D713  251   41    红野猪          30    7     10
D713  321   72    红野猪          30    7     10
D713  262   140   红野猪          30    7     10
D713  309   19    红野猪          30    7     10
D713  255   306   黑色恶蛆        30    5     10
D713  287   286   黑色恶蛆        30    5     10
D713  114   314   黑色恶蛆        30    5     10
D713  304   340   黑色恶蛆        30    5     10
D713  200   200   楔蛾            200   45    10
D713  100   100   黑色恶蛆        100   5     5     50
D713  300   100   黑色恶蛆        100   5     5     50
D713  100   300   黑色恶蛆        100   5     5     50
D713  300   300   黑色恶蛆        100   5     5     50
D713  200   200   角蝇            200   40    10
D713  200   200   蝎蛇            200   40    10
D713  200   200   红野猪0         200   1     30
D713  200   200   黑野猪0         200   1     30
D713  200   200   黑色恶蛆0       200   1     30
D713  200   200   蝎蛇0           200   1     30
D713  200   200   红野猪3         200   10    15
D713  200   200   黑野猪3         200   10    15
D713  200   200   蝎蛇3           200   10    15



D714  251   41    红野猪          30    7     10
D714  321   72    红野猪          30    7     10
D714  350   303   红野猪          30    7     10
D714  111   105   红野猪          30    7     10
D714  321   72    黑色恶蛆        30    5     10
D714  304   340   黑色恶蛆        30    5     10
D714  100   100   蝎蛇            100   1     5     50
D714  300   100   蝎蛇            100   1     5     50
D714  200   200   蝎蛇            200   30    10
D714  200   200   楔蛾            200   55    10
D714  200   200   白野猪          200   1     120
D714  200   200   角蝇            200   30    10

D715  200   200   红野猪          200   50    10
D715  200   200   楔蛾            200   50    10
D715  200   200   蝎蛇            200   50    10
D715  200   200   黑野猪          200   50    10
D715  200   200   黑色恶蛆        200   50    10
D715  200   200   白野猪          200   1     120
D715  200   200   角蝇            200   60    10
D715  200   200   红野猪0         200   1     30
D715  200   200   黑野猪0         200   1     30
D715  200   200   黑色恶蛆0       200   1     30
D715  200   200   蝎蛇0           200   1     30
D715  200   200   红野猪3         200   20    15
D715  200   200   黑野猪3         200   20    15
D715  200   200   蝎蛇3           200   20    15

D71601 25    25    红野猪          25    7     10
D71601 25    25    黑野猪          25    7     10
D71601 25    25    楔蛾            25    10    10
D71601 25    25    蝎蛇            25    7     10
D71601 25    25    黑色恶蛆        25    10    10
D71601 25    25   黑野猪            25    5     10
D71601 25    25    红野猪0         25    1     120

D71602 25    25    红野猪          25    7     10
D71602 25    25    黑野猪          25    7     10
D71602 25    25    楔蛾            25    10    10
D71602 25    25    蝎蛇            25    7     10
D71602 25    25    黑色恶蛆        25    10    10
D71602 25    25    红野猪3         25    1     30
D71602 25    25    黑野猪3         25    1     30
D71602 25    25    蝎蛇3           25    1     30


D71603 25    25    红野猪          25    7     10
D71603 25    25    黑野猪          25    7     10
D71603 25    25    楔蛾            25    10    10
D71603 25    25    蝎蛇            25    7     10
D71603 25    25    黑色恶蛆        25    10    10
D71603 25    25    红野猪3         25    1     30
D71603 25    25    黑野猪3         25    1     30
D71603 25    25    蝎蛇3           25    1     30


D71604 25    25    红野猪          25    7     10
D71604 25    25    黑野猪          25    7     10
D71604 25    25    楔蛾            25    10    10
D71604 25    25    蝎蛇            25    7     10
D71604 25    25    黑色恶蛆        25    10    10
D71604 25    25    红野猪3         25    1     30
D71604 25    25    黑野猪3         25    1     30
D71604 25    25    蝎蛇3           25    1     30


D71605 25    25    红野猪          25    7     10
D71605 25    25    黑野猪          25    7     10
D71605 25    25    楔蛾            25    10    10
D71605 25    25    蝎蛇            25    7     10
D71605 25    25    黑色恶蛆        25    10    10
D71605 25    25    红野猪3         25    1     30
D71605 25    25    黑野猪3         25    1     30
D71605 25    25    蝎蛇3           25    1     30
D71606 25    25    红野猪          25    7     10
D71606 25    25    黑野猪          25    7     10
D71606 25    25    楔蛾            25    10    10
D71606 25    25    蝎蛇            25    7     10
D71606 25    25    黑色恶蛆        25    10    10

D71607 25    25    红野猪          25    7     10
D71607 25    25    黑野猪          25    7     10
D71607 25    25    楔蛾            25    10    10
D71607 25    25    蝎蛇            25    7     10
D71607 25    25    黑色恶蛆        25    10    10
D71607 25    25    红野猪3         25    1     30
D71607 25    25    黑野猪3         25    1     30
D71607 25    25    蝎蛇3           25    1     30

D71608 25    25    红野猪          25    7     10
D71608 25    25    黑野猪          25    7     10
D71608 25    25    楔蛾            25    10    10
D71608 25    25    蝎蛇            25    7     10
D71608 25    25    黑色恶蛆        25    15    10
D71608 25    25   黑野猪            25    1     10
D71608 25    25    蝎蛇0           25    1     120
D71608 25    25    红野猪3         25    1     30
D71608 25    25    黑野猪3         25    1     30
D71608 25    25    蝎蛇3           25    1     30
D71609 25    25    红野猪          25    7     10
D71609 25    25    黑野猪          25    7     10
D71609 25    25    楔蛾            25    10    10
D71609 25    25    蝎蛇            25    7     10
D71609 25    25    黑色恶蛆        25    15    10
D71609 25    25   黑野猪            25    1     10

D71610 25    25    红野猪          25    7     10
D71610 25    25    黑野猪          25    7     10
D71610 25    25    楔蛾            25    10    10
D71610 25    25    蝎蛇            25    7     10
D71610 25    25    黑色恶蛆        25    15    10
D71610 25    25   黑野猪            25    1     10

D71610 25    25    黑野猪0         25    1     120
D71610 25    25    红野猪3         25    1     30
D71610 25    25    黑野猪3         25    1     30
D71610 25    25    蝎蛇3           25    1     30

D71611 25    25    红野猪          25    7     10
D71611 25    25    黑野猪          25    7     10
D71611 25    25    楔蛾            25    10    10
D71611 25    25    蝎蛇            25    7     10
D71611 25    25    黑色恶蛆        25    15    10
D71611 25    25   黑野猪            25    1     10

D71612 25    25    红野猪          25    7     10
D71612 25    25    黑野猪          25    7     10
D71612 25    25    楔蛾            25    10    10
D71612 25    25    蝎蛇            25    7     10
D71612 25    25    黑色恶蛆        25    10    10
D71612 25    25   黑野猪            25    5     10

D71613 25    25    红野猪          25    7     10
D71613 25    25    黑野猪          25    7     10
D71613 25    25    楔蛾            25    10    10
D71613 25    25    蝎蛇            25    7     10
D71613 25    25    黑色恶蛆        25    10    10
D71613 25    25   黑野猪            25    5     10

D71613 25    25    红野猪0         25    1     120
D71613 25    25    红野猪3         25    1     30
D71613 25    25    黑野猪3         25    1     30
D71613 25    25    蝎蛇3           25    1     30

D71614 25    25    红野猪          25    7     10
D71614 25    25    黑野猪          25    7     10
D71614 25    25    楔蛾            25    10    10
D71614 25    25    蝎蛇            25    7     10
D71614 25    25    黑色恶蛆        25    10    10
D71614 25    25   黑野猪            25    5     10

D71615 25    25    红野猪          25    7     10
D71615 25    25    黑野猪          25    7     10
D71615 25    25    楔蛾            25    10    10
D71615 25    25    蝎蛇            25    7     10
D71615 25    25    黑色恶蛆        25    10    10
D71615 25    25   黑野猪            25    5     10
D71615 25    25    黑色恶蛆0       25    1     120
D71615 25    25    红野猪3         25    1     30
D71615 25    25    黑野猪3         25    1     30

D71616 25    25    红野猪3         25    1     30
D71616 25    25    黑野猪3         25    1     30
D71616 25    25    蝎蛇3           25    1     30

D71617 25    25    红野猪          25    7     10
D71617 25    25    黑野猪          25    7     10
D71617 25    25    楔蛾            25    10    10
D71617 25    25    蝎蛇            25    7     10
D71617 25    25    黑色恶蛆        25    10    10
D71617 25    25   黑野猪            25    5     10

D71618 25    25    红野猪          25    7     10
D71618 25    25    黑野猪          25    7     10
D71618 25    25    楔蛾            25    10    10
D71618 25    25    蝎蛇            25    7     10
D71618 25    25    黑色恶蛆        25    10    10
D71618 25    25   黑野猪            25    5     10

D71618 25    25    红野猪3         25    1     30
D71618 25    25    黑野猪3         25    1     30
D71618 25    25    蝎蛇3           25    1     30

D71619 25    25    红野猪          25    7     10
D71619 25    25    黑野猪          25    7     10
D71619 25    25    红野猪3         25    1     30
D71619 25    25    黑野猪3         25    1     30
D71619 25    25    蝎蛇3           25    1     30

D71620 25    25    红野猪          25    7     10
D71620 25    25    黑野猪          25    7     10
D71620 25    25    楔蛾            25    10    10
D71620 25    25    蝎蛇            25    7     10

D71620 25    25    红野猪3         25    1     30
D71620 25    25    黑野猪3         25    1     30
D71620 25    25    蝎蛇3           25    1     30

D71621 25    25    红野猪          25    7     10
D71621 25    25    黑野猪          25    7     10
D71621 25    25    楔蛾            25    10    10
D71621 25    25    蝎蛇            25    7     10
D71621 25    25    黑色恶蛆        25    10    10
D71621 25    25   黑野猪            25    5     10

D71622 25    25    红野猪          25    7     10
D71622 25    25    黑野猪          25    7     10
D71622 25    25    楔蛾            25    10    10
D71622 25    25    蝎蛇            25    7     10
D71622 25    25    黑色恶蛆        25    10    10
D71622 25    25   黑野猪            25    5     10

D71623 25    25    红野猪          25    7     10
D71623 25    25    黑野猪          25    7     10
D71623 25    25    楔蛾            25    10    10
D71623 25    25    蝎蛇            25    7     10
D71623 25    25    黑色恶蛆        25    10    10

D71624 25    25    红野猪          25    7     10
D71624 25    25    黑野猪          25    7     10
D71624 25    25    楔蛾            25    10    10
D71624 25    25    蝎蛇            25    7     10
D71624 25    25    黑色恶蛆        25    10    10
D71624 25    25   黑野猪            25    5     10

D71625 25    25    红野猪          25    7     10
D71625 25    25    黑野猪          25    7     10
D71625 25    25    楔蛾            25    10    10
D71625 25    25    红野猪3         25    1     30
D71625 25    25    黑野猪3         25    1     30
D71625 25    25    蝎蛇3           25    1     30

M001  200   200   鹿1             200   2     50
M001  200   200   鹿              200   2     30
M001  200   200   稻草人1         200   4     50
M001  200   200   稻草人          200   2     30
M001  200   200   巨型多角虫1     200   10     30
M001  200   200   巨型多角虫      200   10     30
M001  200   200   半兽勇士        200   30     10
M001  200   200   半兽勇士1       200   15    15
M001  200   200   骷髅精灵1       200   5    50
M001  200   200   白野猪1         200   60   50
M001  200   200   白野猪          200   2     30
M001  200   200   邪恶毒蛇1       200   60   50
M001  200   200   邪恶毒蛇        200   2     30
M001  200   200   沃玛教主1       200   100   50
M001  200   200   沃玛教主        200   2     30

;尸王殿
D402  137   107   僵尸2            0     1     10
D402  138   107   僵尸2            0     1     10
Q004  15    15    尸王            10     10    10
Q004  15    15    尸王1           10     10    10
Q004  15    15    尸王2           10     10    10
Q004  15    15    尸王3           10     10    10
Q004  15    15    尸王8           10     10    10

12    200   200   天狼蜘蛛        100   5     5
;12    200   200   钢牙蜘蛛        100   5     5
;12    200   200   钢牙蜘蛛3       100   5     40
;12    200   200   花吻蜘蛛        100   5     5
;12    200   200   黑锷蜘蛛        100   5     5
;12    200   200   幻影蜘蛛        100   10    5


;12    300   300   黑锷蜘蛛        100   5     30
;12    300   300   幻影蜘蛛        100   1     5

12    200   200   天狼蜘蛛0       100   2     30
;12    100   100   钢牙蜘蛛0       100   2     60
;12    100   100   钢牙蜘蛛3       100   1     60
;12    300   100   花吻蜘蛛0       100   2     60
;12    100   300   黑锷蜘蛛0       100   2     60

D10011 200   200   天狼蜘蛛        200   20     5
D10011 200   200   钢牙蜘蛛        200   20     5
D10011 200   200   月魔蜘蛛        200   20     5
D10011 200   200   钢牙蜘蛛0       200   20     60
D10032 150   150   花吻蜘蛛0       150   20     60
D10032 150   150   黑锷蜘蛛0       150   20     60
D10032 150   150   邪恶巨人        150   20     5

D1004 150   150   花吻蜘蛛        150    20     10
D1004 150   150   月魔蜘蛛        150    20     10
D1004 150   150   幻影蜘蛛        150    20     10
D10052 150   150   幻影蜘蛛        150   20     10
D10052 150   150   邪恶巨人        150   20     10
D10052 150   150   黑锷蜘蛛0       150   20     60
D10052 150   150   血巨人0         150   20     60

D10053 75    75    白野猪          75    2    10
D10053 75    75    白野猪0         75    20   10
D10054 75    75    角蝇            100   1    10
D10053 75    75   虹魔猪卫         75    1     60
D10053 75    75   虹魔蝎卫         75    1     60
;赤月恶魔老巢：
D10062 30    30    月魔蜘蛛        75    8     15
D10062 30    30    双头血魔        75    1     30
D10062 30    30    邪恶巨人        75    5     15
D10062 30    30    黑锷蜘蛛        75    5     15
D10062 30    30    黑锷蜘蛛3       75    3     5
D10062 30    30    双头金刚        75    1     15
D10062 17    21    血巨人          21    5    15
D10062 23    18    赤月恶魔        0     1     30

D10061 30    30    月魔蜘蛛        75    8    15
D10061 30    30    双头血魔        75    2     15
D10061 30    30    邪恶巨人        75    5     15
D10061 30    30    黑锷蜘蛛        75    5    15
D10061 30    30    黑锷蜘蛛3       75    3    15
D10061 30    30    双头金刚        75    2     15
D10061 17    21    血巨人          21    5    30
D10061 17    21    血巨人0         21    3     30
D10061 17    21    血巨人3         21    3     120

11    200   200    鹰卫          200   10     30
11    250   250   半兽勇士       150   30    10
11    250   250   半兽战士       150   10    20
11    250   250   半兽勇士1      150   10    20
11    250   250   半兽统领       150   5    30

;桃源之门
D717  80    28   石墓尸王         0     1     30
R001 114   122   蜜蜂             50    200   20
R001 93    104   神兽10           150   40    60
R001 93    104   变异骷髅0        150   80    60

4     123   404    千年树妖       0    1     30
4     58    69    半兽勇士       500   30    10
4     255   230   半兽勇士1      500   10    20
4     255   230   半兽统领       500   10    30

5 400 400 半兽战士  50  20 30
5 400 400 半兽勇士  400 30 10
5 400 400 半兽勇士1 400 10 20

D2004 49    44    红野猪           100   40    10
D2004 49    44    红野猪3          100   10    10
D2004 49    44    黑野猪           100   40    10

D2005 41    44    黑野猪           100   40    10
D2005 41    44    红野猪           100   40    10
D2005 41    44    黑色恶蛆         100   40    10
D2005 41    44    红野猪3　　      100   10    10

D2006 31    38    黑野猪           100   40    10
D2006 31    38    红野猪           100   40    10
D2006 31    38    白野猪           100   5     15
D2006 31    38    白野猪           40    10    10
D2006 31    38    虹魔猪卫         40    1     60

D2007 140   135   楔蛾             500   30    10
D2007 140   135   黑野猪           500   25    10
D2007 140   135   白野猪          500   25    10
D2007 140   135   角蝇             500   2    10

D2008 41    74    楔蛾             100   35    10
D2008 41    74    红野猪           100   25    10
D2008 41    74    黑野猪           100   25    10
D2008 41    74    白野猪           100   30    10
D2008 41    74    大老鼠           100   10    10
D2008 41    74    蝎蛇             100   10    10

D2009 41    44    蝎蛇             20    10    10
D2009 41    44    红野猪           100   30    10
D2009 41    44    楔蛾             100   20    10
D2009 41    44    红野猪3          100   20    10
D2009 41    44    黑野猪3          100   20    10

D2010 155   231   楔蛾            500   20    10
D2010 155   231   黑色恶蛆        500   20    10
D2010 155   231   虹魔猪卫        500   1     60
D2010 155   231   白野猪0         500   20    10
D2011 32    31    蝎蛇            50    20    10
D2011 32    31    祖玛卫士3        50    5    10
D2011 32    31    祖玛弓箭手3      50    5    10
D2011 32    31    祖玛弓箭手3     50   5    10
D2012 48    47    虹魔蝎卫        50    1     60
D2012 48    47    祖玛弓箭手      50    30    10
D2012 48    47    楔蛾            50    20    10
D2012 48    47    虹魔猪卫        50    1     60
D2012 48    47    大老鼠          50    20    10
D2012 48    47    白野猪0         50    10    10
D2012 48    47    红野猪3         50    10    10
D2012 48    47    黑野猪3         50    10    10

D2013 55    55    虹魔教主        50    1     45
D2013 55    55    虹魔教主        50    1     30
D2013 43    44    祖玛雕橡        100   30    30
D2013 43    44    祖玛雕橡3       100   20    30
D2013 43    44    黑色恶蛆        100   30    10
D2013 43    44    楔蛾            100   30    10

B341  18    19    沃玛卫士        20    2     30
M100  30    40    红野猪0         500   20    7
M100  30    40    红野猪          500   20    7
M100  30    40    虹魔猪卫        500   1     30
M100  30    40    虹魔猪卫0       500   1     40

T134  15    25    暴牙蜘蛛        20    15    10
T134  15    25    天狼蜘蛛        20    15    10
T334  15    25    暴牙蜘蛛        20    15    10
T334  15    25    天狼蜘蛛        20    15    10



D2051 100   110   恶灵僵尸          100   60    15
D2052 50    50    恶灵尸王          50    70    15
D2052 50    50    恶灵尸王0         50    5     15

D2053 150   160   恶灵僵尸          150   30    10
D2053 150   160   恶灵僵尸0         150   5     10    
D2053 150   160   恶灵尸王          150   30    10
D2053 150   160   恶灵尸王0         150   5     10

D2061 100   100   骷髅弓箭手        100   30    20
D2061 100   100   骷髅长枪兵        100   30    20
D2061 100   100   骷髅刀斧手        100   30   20
D2061 100   100   恶灵僵尸          100   30   20
D2064 110   115   骷髅弓箭手        100   30   20
D2064 110   115   骷髅锤兵          100   30    20
D2064 110   115   骷髅长枪兵        100   20   20

D2067 150   160   骷髅长枪兵0       150   30    20    
D2067 150   160   骷髅锤兵          150   40   20
D2067 150   160   骷髅锤兵0         150   2     30
D2067 150   160   黄泉教主0         150   1     45
D2067 100   100   黄泉教主          5     1     30

D2071 150   150   牛头魔          150   30    20
D2071 150   150   牛头魔0         150   3     20
D2071 150   150   牛魔斗士        150   50    20
D2071 150   150   牛魔战士0       150   3     20
D2071 150   150   牛魔法师        150   20    20
D2071 150   150   牛魔将军        150   30    20 
   
D2072 150   170   牛头魔          150   30    20
D2072 150   170   牛魔法师0       150   5     20
D2072 150   170   牛头战士        150   30    20
D2072 150   170   牛魔斗士0       150   2     20
D2072 150   170   牛魔祭司0       150   5     20
D2072 150   170   牛魔法师        150   20    20
D2072 150   170   牛魔斗士        150   40    20   

D2073 200   220   牛头魔        200   30    20
D2073 200   220   牛头魔0       200   5     20
D2073 200   220   牛魔侍卫      200   20    20
D2073 200   220   牛魔战士      200   20    20
D2073 200   220   牛魔祭司      200   20    20
D2075 100   100   牛魔祭司      200   20    20
D2075 100   100   牛魔战士0     100   5     20
D2075 100   100   牛魔法师      100   25    20
D2075 100   100   牛魔法师0     100   5     20
D2075 100   100   牛魔将军      100   20    20
D2076 100   100   牛头魔        100   25    10
D2076 100   100   牛魔斗士      100   30    10
D2076 100   100   牛魔侍卫      100   30    10
D2076 100   100   牛魔将军      100   30    10
D2076 100   100   牛魔将军0     100   10    10
D2076 100   100   牛魔祭司      100   35    10   
D2076 250 250     牛头魔0       250   10    10
D2076 250 250     牛魔斗士0     250    5    10
D2076 250 250     牛魔侍卫0     250   15    10
D2076 250 250     牛魔祭司0     250   10    10
D2076 250 250     牛魔斗士      100   30    10
D2076 200 200     牛魔将军      100   20    10 
D2078 150   150   牛头魔        150   30    20
D2078 150   150   牛魔斗士      150   30    20
D2078 150   150   牛魔将军      150   30    20
D2078 150   150   牛魔法师      150   35    20
D2078 150   150   牛魔战士0     150   20    20
D2078 150   150   牛头魔        150   35    20
D2078 200   200   牛头魔        150   35    20
D2078 200   200   牛魔斗士      150   35    20
D2078 200   200   牛魔将军      150   35    20
D2078 200   200   牛魔法师      150   35    20
D2078 200   200   牛魔战士      150   5     20
D2078 200   200   牛魔祭司      150   25    20

D2079 67      67       牛魔将军          200      25      10
D2079 38      67       牛魔战士          200      30      10
D2079 67      37       牛头魔            200      30      10
D2079 52      51       牛魔王0           0        1       30
D2079 52      51       牛魔王            100      1       30
D2079 52      51       暗之牛魔王        0        1       30
D2079 52      51       牛魔将军          200      20      15
D2079 52      51       牛魔法师          200      30      15
D2079 52      51       牛魔祭司          200      25      15
D2079 52      51       牛魔祭司          200      10      15
D2079 52      51       牛魔祭司          200      20      15
D2079 52      51       牛魔将军          200      15      15
D2079 52      51       牛魔战士          200      15      15

;6个爆衣服的刷怪
T232  22    24    暗之沃玛教主   10   1     20
T339  18    26    暗之骷髅精灵   10   1     20
T219  50   80     暗之双头金刚   10   1     20
T315  150  140    暗之黄泉教主   10   1     20
T118  14    15    暗之双头血魔   10   1     20
T218  14    17    暗之虹魔教主   10   1     20

;沙巴克影之道一层
H201  100   100   僵尸             100   15    8
H201  100   100   僵尸40          100   11     100
H201  100   100   僵尸50          100   11     100
;沙巴克影之道二层
H202  100   100  祖玛卫士         100   10    8
H202  100   100  祖玛教主         100   1     30
H202  100   100  祖玛卫士8        100   40    12
H202  100   100  祖玛卫士00       100   5     10
H202  100   100  祖玛弓箭手       100   20    30
H202  100   100  祖玛弓箭手8      100   60    12
H202  100   100  祖玛雕像         100   25    10
H202  100   100  祖玛雕像         100   25    10
H202  100   100  祖玛雕像8        100   50    13
H202  100   100  楔蛾             100   40    5
;沙巴克影之道三层
H203  100   100  祖玛卫士         100   10    10
H203  100   100  祖玛卫士8        100   30    10
H203  100   100  祖玛卫士00       100   5     10
H203  100   100  祖玛弓箭手       100   10    10
H203  100   100  祖玛雕像8        100   50    10
H203  100   100  祖玛雕像8        100   20    8
H203  100   100  楔蛾             100   40    8
H203  100   100  祖玛弓箭手8      100   60    9
H203  100   50   祖玛教主         50    1     30
;沙巴克藏宝阁
H204  100  100  重装使者  	  20   1    60
H204  100 100   地藏魔王   	  50   1    60 
H204  100  50   祖玛教主   	  50   1    30
H204  100 100   沃玛卫士    	  50   8    30
H204  100 100   暗之双头金刚      50   1    30
H204  100 100   暗之双头血魔      50   1    30
H204  100 100   暗之骷髅精灵      50   1    30
H204  100 100   暗之黄泉教主      50   1    30
H204  100 100   暗之虹魔教主      50   1    30
H204  100 100   暗之沃玛教主      50   1    30
H204  100 100   黄泉教主8  	  50   1    30
H204  100 100   虹魔教主8  	  50   1    30
H204  100 100   虹魔猪卫8   	  50   2    40
H204  100 100   虹魔蝎卫8   	  50   2    30
H204  100 100   邪恶毒蛇8   	  50   5    30
H204  100 100   白野猪8     	  50  20    15
H204  100 100   祖玛卫士8    	  50   25   8
H204  100 100   祖玛雕像8    	  50   20   8
H204  100 100   祖玛弓箭手8       50   35   8
H204  100 100   楔蛾8             50   30   8
H204  100 100   祖玛雕像          50   10   8
;幻境一层
H001 75 75 恶灵僵尸8 75 60  20
H001 75 75 恶灵僵尸8 75 60  20
H001 75 75 黑色恶蛆8  75 60  20
H001 75 75 跳跳蜂8  75 60  20
H001 75 75 钳虫8  75 60  20 
;;特殊
H001 75 75 尸王8  75 10 30
H001 75 75 尸王8  75 10 30
H001 75 75 骷髅精灵8 75 2 15
H001 75 75 骷髅精灵8 75 2 15 

;幻境三层
H003    40      40      沃玛勇士8       20      8        5
H003    40      40      沃玛战将8       20      5        5
H003    40      40      火焰沃玛8       20      5        5
H003    40      40      沃玛战士8       20      5        5
H003    50      50      沃玛勇士8       20      7        5
H003    50      50      沃玛战将8       20      7        5
H003    50      50      火焰沃玛8       20      7        5
H003    50      50      沃玛战士8       20      5        5
H003    60      60      沃玛勇士8       20      5        5
H003    60      60      沃玛战将8       20      10        5
H003    60      60      火焰沃玛8       20      5        5
H003    60      60      沃玛战士8       20      5        5
H003    40      50      沃玛勇士8       20      5        5
H003    40      50      沃玛战将8       20      10        5
H003    40      50      火焰沃玛8       20      5        5
H003    40      50      沃玛战士8       20      5        5
H003    40      50      沃玛战将8       20      5        5
H003    40      50      火焰沃玛8       20      7        5
H003    40      50      沃玛战将8       20      7        5
H003    50      40      沃玛勇士8       20      7        5
H003    50      40      沃玛战将8       20      5        5
H003    50      40      火焰沃玛8       20      5        5
H003    50      40      沃玛战士8       20      10        5
H003    60      50      沃玛勇士8       20      5        5
H003    60      50      沃玛战将8       20      5        5
H003    60      50      火焰沃玛8       20      5        5
H003    60      50      沃玛战士8       20      5        5
H003    50      60      沃玛勇士8       20      8        5
H003    50      60      沃玛战将8       20      3        5
H003    50      60      火焰沃玛8       20      8        5
H003    50      60      沃玛战士8       20      5        5
H003    20      21      沃玛勇士8        7      5        5
H003    20      21      沃玛战将8        7      5        5
H003    20      21      火焰沃玛8        7      9        5
H003    20      21      沃玛战士8        7      8        5 
;;特殊
H003    50      50      沃玛卫士8       30      2       20 
;幻境四层
H004   19   39     黑色恶蛆8        70     20       7
H004   97   81     黑色恶蛆8        70     20       7
H004   57   166    黑色恶蛆8        70     20       7
H004   178  127    跳跳蜂8        70     15        7
H004   19   39     巨型蠕虫8      70     15        7
H004   97   81     巨型蠕虫8      70     15        7
H004   57   166    巨型蠕虫8      70     15        7
H004   100  100    蜈蚣8        100    10       10 50
H004   100  100    邪恶钳虫8  100    2       60
H004   100  100    蜈蚣8       50     2        20
H004   100  100    跳跳蜂8       50     2        20
H004   100  100    巨型蠕虫8     50     2        20
H004   100  100    钳虫8   50     2        20 
;;特殊
H004    83    168   触龙神8     40   1   20
;幻境五层
H005 200 190 骷髅锤兵8 100 20 8
H005 200 190 骷髅长枪兵8 100 80 8
H005 145 80 骷髅刀斧手8 100 80 8
H005 100 125 骷髅锤兵8 100 20 20
H005 100 125 骷髅刀斧手8 100 20 10
H005 100 125 骷髅长枪兵8 100 20 20
H005 100 125 黄泉教主8 100 1 120 
;幻境六层
H006    100  100    黑色恶蛆8        100     30        5
H006    100  100    黑色恶蛆8        100     30        5
H006    100  100    楔蛾8            100     30        5
H006    100  100    楔蛾8            100     30        5
H006    100  100    楔蛾8            100     30        5
H006    100  100    蝎蛇8            100     50        5
H006    100  100    白野猪8         100      5        5
H006    100  100    白野猪0         100      5        5
H006    100  100    白野猪0         100      5        5
H006    100  100    白野猪8          100      2       15
H006    100  100    白野猪8          100      2       10
H006    100  100    邪恶毒蛇8        100      1       20 
;幻境七层
H007   100  100    祖玛弓箭手      100   100      12
H007   100  100    祖玛雕像        100   100      12
H007   100  100    祖玛卫士        100   100      12
H007   100  100    楔蛾8           100   50       12
H007   100  100    祖玛弓箭手3     100    40      12
H007   100  100    祖玛雕像3       100    40      12
H007   100  100    祖玛卫士3       100    40      12
H007   100  100    祖玛弓箭手3     100    40      12
H007   100  100    祖玛弓箭手3     100    40      12
H007   100  100    祖玛卫士00      100    40      12
H007   100  100    祖玛雕像3       100    40      12 
;幻境迷宫
T2061   19   24    角蝇8     5     1      10
T2061   19   24    楔蛾8     5     1      10
T2061   19   24    电僵王8   5     1      10
T2062   19   24    角蝇8     5     1      10
T3063   19   24    楔蛾8     5     1      10
T3063   19   24    电僵王8   5     1      10 
;;特殊
T1061   19   24    角蝇8     5     1      10
T1061   19   24    楔蛾8     5     1      10
T1061   19   24    电僵王8   5     1      10
T1061   19   24    重装使者  5     1      60 
;幻境八层
H008   61    26    祖玛雕像8     10       10      10
H008   61    26    祖玛雕像3     10       10      10
H008   40    45    祖玛卫士8     20       10      10
H008   40    45    祖玛卫士3     20       10      10
H008   40    45    祖玛弓箭手8   50       40      10
H008   40    45    祖玛弓箭手3   50       40      10
H008   40    25    祖玛卫士3     10       10      10
H008   65    35    祖玛雕像8     10       10      10
H008   65    35    祖玛雕像3     10       10      10
H008   40    65    祖玛雕像8     10       10      10
H008   40    65    祖玛雕像3     10       10      10
H008   40    45    楔蛾8         60       60      10 
;;特殊
H008   40    45    虹魔蝎卫8   30        1      360
H008   40    45    虹魔猪卫8   30        1      15
H008   25    29    虹魔教主8   10        1      30 
;幻境九层
H009  128    91    月魔蜘蛛8   200       60      10
H009  128    91    天狼蜘蛛8   200       80       8
H009  128    91    钢牙蜘蛛8   200       80      10
H009   66   208    月魔蜘蛛8   150       50      10
H009   66   208    天狼蜘蛛8   150       50       8
H009   66   208    钢牙蜘蛛8   150       40      10
H009   66   208    花吻蜘蛛8   150       30      10
H009   66   208    黑锷蜘蛛8   150        5      12 
;;特殊
H009  128    91    血巨人8  200         5      20
H009  128    91    血僵尸8  200         5      20
H009  128    91    月魔蜘蛛8  200         5      10
H009  128    91    双头血魔8   200         2      30
H009  128    91    双头金刚8   200         2      30
;屠龙殿
H010 205 210 牛头侍卫8 200 100 10
H010 205 210 牛魔法师8 200 100 10
H010 205 210 牛魔将军8 200 100 10
H010 205 210 牛魔侍卫8 200 100 10
H010 205 210 牛魔法师8 200 100 10
H010 205 210 牛魔祭司8 200 40 20
H010 205 210 牛魔将军8 200 40 20
H010 205 210 牛魔将军8 200 30 30
H010 205 210 牛魔将军 200 30 30
H010 205 210 牛魔祭司8 200 20 20
H010 205 210 牛魔祭司8 200 20 30
H010 205 210 牛魔法师8 200 50 10
H010 205 210 牛魔祭司8 200 50 10
H010 205 210 牛魔祭司 200 30 10
H010 205 210 牛魔将军8 200 50 10
H010 205 210 牛魔侍卫8 200 50 10
H010 205 210 牛魔法师8 200 50 10
H010 205 210 宝箱8 200 5 30
;;特殊
H010 205 210 赤月恶魔8 200 1 30
H010 205 210 暗之触龙神8 200 1 30
H010 205 210 牛魔王8  200 1 30
H010 205 210 暗之牛魔王8 200 1 30
H010 205 210 双头血魔 200 1 30
H010 205 210 双头金刚 200 1 30
H010 205 210 黄泉教主8 200 1 30
H010 205 210 烟花教主 200 1 180
H010 205 210 祖玛教主9 200 1 60
H102  251   41    红野猪8           30    7     10
H102  251   41    红野猪           30    10     10
H102  251   41    黑野猪           30    15     10
;-------------------------------------------------------
；王者禁地
;-------------------------------------------------------
H104  55    27    黑色恶蛆8         100    50    6
H104  162   92    巨型蠕虫8         100    51    5
H104  126   37    钳虫8             100    50    5
H104  55    27    蜈蚣8             100    50    5
H104  100   100   邪恶钳虫          100    1     180		

H102  251   41    红野猪8           200    50     10
H102  304   340   黑野猪8           200    50     10
H102  309   19    黑色恶蛆8         200    50     10
H102  200   200   楔蛾8             200    55    10

H105 100   90    骷髅长枪兵8        100   50    25
H105 100   90    骷髅刀斧手8        100   50    25
H105 100   90    骷髅锤兵8          100   50    25
H105 100   90    骷髅弓箭手8        100   50    25
;-----------------------------------------------------
;王者禁地 	 	 	 	 	 	
;-----------------------------------------------------
H006    81   29         石墓尸王8   0       1     180
H106	75  114 	蝎子王	     150	 10	 17
H106	75  114 	蜈蚣王	     150	 10	 17
H106	75  114 	钉耙猫王     150	 10	 17
H106	75  114 	多钩猫王     150	 10	 17
H106	75  114 	虎蛇王	     150	 10	 17
H106	75  114 	电僵王8	     150	 10	 17
H106	75  114 	红蛇王	     150	 10	 17
H106	75  114 	雪蚕王	     150	 10	 17
H106	75  114 	神兽	     150	 10	 17
H106	75  114 	重装使者	 150	 1	 80
H106	75  114 	暗之双头金刚	 150	 1	 60
H106	75  114 	暗之虹魔教主	 150	 1	 60
H106	75  114 	暗之骷髅精灵	 150	 1	 60
H106	75  114 	暗之沃玛教主	 150	 1	60
H106	75  114 	暗之双头血魔	 150	 1	60
H106    75  114 	暗之黄泉教主	 150	 1	60
H106    100 100          地藏魔王   	 150    1    80
;-------------------------------------------------------------
;圣域
;---------------------------------------------------------------- 
B102    11    14    圣域教主          10    1      6
B103    11    14    圣域牛魔王        10    1      6
B104    11    14    圣域护卫          10    1      6
B105    11    14    圣域祭司         10    1      6
B106    11    14    圣域金刚          10    1      6
B107    11    14    圣域祭司          10    1      6
B108    11    14    圣域猪卫          10    1      6
B109    11    14    圣域猪卫          10    1      6
B110    11    14    圣域牛魔王        10    1      6
B111    11    14    圣域杀手          10    1      6
B112    11    14    圣域祭司          10    1      6
B113    11    14    圣域将军          10    1      6
B114    11    14    圣域金刚          10    1      6
B115    11    14    圣域法师          10    1      6
B116    11    14    圣域牛魔王          10    1      6
B117    11    14    圣域钳虫        10    1      6
B118    11    14    圣域战士          10    1      6
B119    11    14    圣域侍卫          10    1      6
B120    11    14    圣域猪卫          10    1      6
B121    11    14    圣域钳虫          10    1      6
B122    11    14    圣域将军          10    1      6
B123    11    14    圣域将军          10    1      6
B124    11    14    圣域将军        10    1      6
B125    11    14    圣域血魔          10    1      6
B126    11    14    圣域修罗          10    1      6
B127    11    14    圣域尸王          10    1      6
B128    11    14    圣域血魔        10    1      6
B129    11    14    圣域尸王        10    1      6
B130    11    14    圣域尸王        10    1      6
B131    11    14    圣域蝎卫          10    1      6
B132    11    14    圣域祭司          10    1      6
B133    11    14    圣域尸王          10    1      6
B134    11    14    圣域尸王          10    1      6
B135    11    14    圣域祭司          10    1      6
;-----------------------------------------------------

gg003   40 40   暗之双头血魔    100    1      60
gg003   40 40   暗之双头金刚    100    1      60
gg003   40 40   暗之骷髅精灵    100    1      60
gg003   40 40   暗之黄泉教主    100    1      60
gg003   40 40   暗之虹魔教主    100    1      60
gg003   40 40   暗之沃玛教主    100    1      60
gg003   40 40   地藏魔王      100    1      60
gg003   40 40   送葬者      100    1      60
gg003   40 40   暗之牛魔王      100    1      60
gg003   40 40   牛魔王          100    1      60
gg003   40 40   祖玛教主        100    1      60
gg003   40 40   双头血魔      100    2      60
gg003   40 40   双头血魔        100    2      60
gg003   40 40   双头金刚      100    2      60
gg003   40 40   双头金刚        100    2      60
gg003   40 40   黄泉教主        100    2      60
gg003   40 40   虹魔教主        100    2      60
gg003   40 40   白野猪88        100    10     20
gg003   40 40   白野猪88        100    10     20
gg003   40 40   祖玛卫士88      100    10     20
gg003   40 40   祖玛卫士88      100    10     20
gg003   40 40   月魔蜘蛛        100    10     10
gg003   40 40   祖玛弓箭手88    100    10     20
gg003   40 40   祖玛弓箭手88    100    10     20
gg003   40 40   牛魔祭祀88      100    10     20
gg003   40 40   牛魔祭祀88      100    10     20
gg003   40 40   牛魔将军88      100    10     20
gg003   40 40   牛魔将军      100    10     20
gg003   28 28   赤月恶魔       0      1      30
gg003   28 50   赤月恶魔8       0      1      30
gg003   21 22   千年树妖         0      1      20
gg003   23 48   千年树妖         0      1      20
;烟花之地
;---------------------------------------------------------------- 
yhzd	20	20	祖玛卫士3	50	15	15
yhzd	20	20	祖玛雕像3	50	15	15
yhzd	20	20	祖玛弓箭手3	50	15	15
yhzd	20	20	月魔蜘蛛	50	10	15
yhzd	20	20	烟花金刚	50	1	30
yhzd	20	20	烟花血魔	50	1	30
yhzd	20	20	牛魔王88	50	1	30
yhzd	20	20	烟花恶魔	50	1	30
yhzd	20	20	沃玛教主	50	1	30
yhzd	20	20	黄泉教主	50	1	30
yhzd	20	20	牛魔王		50	1	30
yhzd	20	20	烟花教主	50	1	150
yhzd	20	20	暗之骷髅精灵	50	1	60
yhzd	20	20	暗之双头金刚	50	1	60
yhzd	20	20	暗之双头血魔	50	1	60
yhzd	20	20	暗之沃玛教主	50	1	60
yhzd	20	20	暗之黄泉教主	50	1	60
yhzd	20	20	暗之虹魔教主	50	1	60

;BOSS之家

BOSS	67	67	牛魔将军	200	30	10
BOSS	38	67	祖玛卫士3	200	30	10
BOSS	67	37	祖玛雕像3	200	30	10
BOSS	67	37	祖玛弓箭手3	200	30	10
BOSS	67	37	牛魔祭司	200	30	10
BOSS	52	51	牛魔王0		0	1	30
BOSS	52	51	重装使者	100	2	30
BOSS	52	51	暗之牛魔王	200	1	30
BOSS	52	51	祖玛教主	200	1	30
BOSS	52	51	沃玛教主	200	2	30
BOSS	52	51	黄泉教主	200	2	30
BOSS	52	51	双头血魔	200	1	30
BOSS	52	51	双头金刚	200	1	30
BOSS	52	51	暗之骷髅精灵	200	1	60
BOSS	52	51	暗之双头金刚	200	1	60
BOSS	52	51	暗之双头血魔	200	1	60
BOSS	52	51	暗之沃玛教主	200	1	60
BOSS	52	51	暗之黄泉教主	200	1	60
BOSS	52	51	狂暴野猪王	200	1	30
BOSS	52	51	暗之白野猪	200	1	30
BOSS	52	51	暗之邪恶毒蛇	200	1	30
BOSS	52	51	送葬者		200	1	120
BOSS	52	51	送宝使者	200	1	120
BOSS	52	51	元宝使者	200	1	120
BOSS	52	51	赤月恶魔8	200	1	30
BOSS	52	51	暗之赤月恶魔	200	1	60


ZD8 	55 	49 	黑色恶蛆 	100 	20 	15
ZD8 	55 	49 	楔蛾 	100 	20 	15
ZD8 	55 	49 	虹魔猪卫 	10 	1 	30
ZD8 	55 	49 	狂暴野猪 	100 	20 	15
ZD8 	55 	49 	阴沉野猪 	100 	20 	15
ZD8 	55 	49 	狂暴野猪 	100 	20 	15
ZD8 	55 	49 	阴沉野猪 	100 	20 	15
ZD8 	55 	49 	阴沉石墓尸王 	10 	1 	30
ZD8 	55 	49 	狂暴野猪王 	100 	2 	60
ZD8 	55 	49 	白野猪 	100 	20 	15
ZD8 	55 	49 	双头金刚 	100 	1 	60
ZD8 	55 	49 	双头血魔 	100 	1 	60
ZD8 	55 	49 	暗之白野猪 	100 	2 	60
ZD8 	55 	49 	暗之邪恶毒蛇 	100 	2 	60

ZD9 	55 	49 	暗之邪恶毒蛇 	100 	2 	60
ZD9 	55 	49 	黑色恶蛆 	100 	20 	15
ZD9 	55 	49 	楔蛾 	100 	20 	15
ZD9 	55 	49 	阴沉野猪 	100 	20 	15
ZD9 	55 	49 	狂暴野猪 	100 	20 	15
ZD9 	55 	49 	阴沉石墓尸王 	10 	1 	60
ZD9 	55 	49 	虹魔猪卫 	15 	1 	30
ZD9 	55 	49 	邪恶毒蛇 	100 	3 	15
ZD9 	55 	49 	阴沉野猪 	100 	20 	15
ZD9 	55 	49 	狂暴野猪 	100 	20 	15
ZD9 	55 	49 	狂暴野猪王 	100 	2 	60
ZD9 	55 	49 	白野猪  	100 	20 	15
ZD9 	55 	49 	双头金刚 	100 	2 	60
ZD9 	55 	49 	双头血魔 	100 	1 	60
ZD9 	55 	49 	暗之白野猪 	100 	2 	60
 
JPBG  81 79	赤月恶魔8	3   1    60
JPBG  77 22	赤月恶魔8	3   1    60
JPBG  24 22	赤月恶魔8	3   1    60
JPBG  20 79	赤月恶魔8	3   1    60

JPBG  100 100   牛魔将军    	  50   8    30
JPBG  100 100   暗之双头金刚      50   1    60
JPBG  100 100   暗之双头血魔      50   1    60
JPBG  100 100   暗之骷髅精灵  	  50   1    60
JPBG  100 100   暗之黄泉教主  	  50   1    60
JPBG  100 100   暗之沃玛教主  	  50   1    60
JPBG  100 100   暗之虹魔教主  	  50   1    60
JPBG  100 100   牛魔王  	  50   1    30
JPBG  100 100   虹魔猪卫8   	  50   2    40
JPBG  100 100   虹魔蝎卫8   	  50   2    30
JPBG  100 100   邪恶毒蛇8   	  50   5    30
JPBG  100 100   白野猪8     	  50  20    15
JPBG  100 100   祖玛卫士3    	  50   25   8
JPBG  100 100   祖玛雕像3    	  50   20   8
JPBG  100 100   祖玛弓箭手3       50   35   8

SMDK 50    50    邪恶巨虫          50    20    15
SMDK 50    50    邪恶巨虫          50    20    15
SMDK 50    50    邪恶教主         50    1     30

FGZL2 50    50    祖玛雕像        50    45    8
FGZL2 50    50    祖玛卫士        50    45    8
FGZL2 50    50    祖玛弓箭手      50    40    8
FGZL2 50    50    角蝇            50    5     8
FGZL2 50    50    祖玛雕像3       50    20    10
FGZL2 50    50    祖玛卫士3       50    20    10
FGZL2 50    50    祖玛弓箭手3     50    20    10
FGZL2 50    50    祖玛雕像0       50    20    10
FGZL2 50    50    祖玛卫士0       50    20    10
FGZL2 50    50    祖玛弓箭手0     50    20    10

FGZL1 50    50    祖玛雕像        50    40    8
FGZL1 50    50    祖玛卫士        50    40    8
FGZL1 50    50    祖玛弓箭手      50    40    8
FGZL1 50    50    角蝇            50    3     8
FGZL1 50    50    祖玛雕像3       50    20    10
FGZL1 50    50    祖玛卫士3       50    20    10
FGZL1 50    50    祖玛弓箭手3     50    20    10
FGZL1 50    50    祖玛雕像0       50    20    10
FGZL1 50    50    祖玛卫士0       50    20    10
FGZL1 50    50    祖玛弓箭手0     50    20    10

MHD 36    39    送葬者       50    1     120
MHD 36    39   牛魔法师        200    35    8
MHD 36    39   牛魔将军        200    20    8
MHD 36    39    月魔蜘蛛       200    45    8
MHD 36    39    双头金刚       200    1     60
MHD 36    39    双头血魔     200    1     60
MHD 36    39    暗之双头金刚       200    1     60
MHD 36    39    元宝使者	       200    1     60
MHD 36    39    暗之双头血魔       200    1     60
MHD 36    39    暗之骷髅精灵       200    1     60
MHD 36    39    暗之黄泉教主       200    1     60
MHD 36    39    暗之沃玛教主       200    1     60
MHD 36    39    暗之虹魔教主       200    1     60
MHD 36    39    暗之牛魔王       200    1     60
MHD 36    39    牛魔王       200    1     60
MHD 36    39    暗之赤月恶魔       10    1     120
MHD 36    39    千年树妖       10    1     60
MHD 51    32    赤月恶魔8       10    1     60
MHD 27    38    赤月恶魔8       10    1     60
MHD 37    54    赤月恶魔8       10    1     60
MHD 50    36    祖玛弓箭手      50    50    8
MHD 50    30    角蝇            50    3    8
MHD 50    25    祖玛雕像3       50    15    10
MHD 50    36    祖玛卫士3       50    15    10
MHD 50    36    祖玛弓箭手3     50    15   10
MHD 50    42    祖玛雕像0       50    1     10
MHD 50    44    祖玛卫士0       50    1    10
MHD 50    36    祖玛弓箭手0     50    1    10
MHD 36    39    梦幻教主       200    1    60  

;============================================
ZZBG1  100 100	 云海血魔	50   1    100
ZZBG1  100 100	 云海金刚	50   1    100
ZZBG1  100 100	 云海牛魔王	50   1    100
ZZBG1  100 100	 云海恶魔	50   1    100
ZZBG1  100 100	 云海猪王	50   1    100
ZZBG1  100 100   云海牛将军    	 50   7   20
ZZBG1  100 100   云海牛法师      50   7   20
ZZBG1  100 100   云海牛祭祀  	 50   7   20
ZZBG1  100 100   云海楔蛾     	 50   7   20
ZZBG1  100 100   云海弓箭手    	 50   7   20
ZZBG1  100 100   云海雕像    	 50   7   20
ZZBG1  100 100   云海卫士        50   7   20
ZZBG1  100 100   云海蝎卫        50   7   20
ZZBG1  100 100   云海钢牙蜘蛛  	 50   7   20
ZZBG1  100 100   云海天狼蜘蛛  	 50   7   20
ZZBG1  100 100   云海黑锷蜘蛛    50   7   20
ZZBG1  100 100   云海月魔蜘蛛    50   7   20
ZZBG1  100 100   云海花吻蜘蛛    50   7   20
ZZBG1  100 100   云海白野猪      50   7   20
ZZBG1  100 100   云海猪卫  	 50   7   20
ZZBG1  100 100   云海毒蛇  	 50   7   20

ZZBG2  100 100	 云海血魔	50   1    70
ZZBG2  100 100	 云海金刚	50   1    70
ZZBG2  100 100	 云海牛魔王	50   1    70
ZZBG2  100 100	 云海恶魔	50   1    70
ZZBG2  100 100	 云海猪王	50   1    70
ZZBG2  100 100   云海牛将军    	 50   7   20
ZZBG2  100 100   云海牛法师      50   7   20
ZZBG2  100 100   云海牛祭祀  	 50   7   20
ZZBG2  100 100   云海楔蛾     	 50   7   20
ZZBG2  100 100   云海弓箭手    	 50   7   20
ZZBG2  100 100   云海雕像    	 50   7   20
ZZBG2  100 100   云海卫士        50   7   20
ZZBG2  100 100   云海蝎卫        50   7   20
ZZBG2  100 100   云海钢牙蜘蛛  	 50   7   20
ZZBG2  100 100   云海天狼蜘蛛  	 50   7   20
ZZBG2  100 100   云海黑锷蜘蛛    50   7   20
ZZBG2  100 100   云海月魔蜘蛛    50   7   20
ZZBG2  100 100   云海花吻蜘蛛    50   7   20
ZZBG2  100 100   云海白野猪      50   7   20
ZZBG2  100 100   云海猪卫  	 50   7   20
ZZBG2  100 100   云海毒蛇  	 50   7   20

ZZBG3  100 100	 云海血魔	50   1    50
ZZBG3  100 100	 云海金刚	50   1    50
ZZBG3  100 100	 云海牛魔王	50   1    50
ZZBG3  100 100	 云海教主	50   1    50
ZZBG3  100 100	 云海恶魔	50   1    50
ZZBG3  100 100	 云海猪王	50   1    50
ZZBG3  100 100   云海牛将军    	 50   8   20
ZZBG3  100 100   云海牛法师      50   8   20
ZZBG3  100 100   云海牛祭祀  	 50   8   20
ZZBG3  100 100   云海楔蛾     	 50   8   20
ZZBG3  100 100   云海弓箭手    	 50   8   20
ZZBG3  100 100   云海雕像    	 50   8   20
ZZBG3  100 100   云海卫士        50   8   20
ZZBG3  100 100   云海蝎卫        50   8   20
ZZBG3  100 100   云海钢牙蜘蛛  	 50   8   20
ZZBG3  100 100   云海天狼蜘蛛  	 50   8   20
ZZBG3  100 100   云海黑锷蜘蛛    50   8   20
ZZBG3  100 100   云海月魔蜘蛛    50   8   20
ZZBG3  100 100   云海花吻蜘蛛    50   8   20
ZZBG3  100 100   云海白野猪      50   8   20
ZZBG3  100 100   云海猪卫  	 50   8   20
ZZBG3  100 100   云海毒蛇  	 50   8   20
;============================================
ZZD1  100 100	云海血魔	100   1    100
ZZD1  100 100	云海金刚	100   1    100
ZZD1  100 100	云海牛魔王	100   1    100
ZZD1  100 100	云海恶魔	100   1    100
ZZD1  100 100	云海猪王	100   1    100
ZZD1  100 100   云海牛将军    	 100   7   20
ZZD1  100 100   云海牛法师       100   7   20
ZZD1  100 100   云海牛祭祀  	 100   7   20
ZZD1  100 100   云海楔蛾     	 100   7   20
ZZD1  100 100   云海弓箭手    	 100   7   20
ZZD1  100 100   云海雕像    	 100   7   20
ZZD1  100 100   云海卫士         100   7   20
ZZD1  100 100   云海蝎卫         100   7   20
ZZD1  100 100   云海钢牙蜘蛛  	 100   7   20
ZZD1  100 100   云海天狼蜘蛛  	 100   7   20
ZZD1  100 100   云海黑锷蜘蛛     100   7   20
ZZD1  100 100   云海月魔蜘蛛     100   7   20
ZZD1  100 100   云海花吻蜘蛛     100   7   20
ZZD1  100 100   云海白野猪       100   7   20
ZZD1  100 100   云海猪卫  	 100   7   20
ZZD1  100 100   云海毒蛇  	 100   7   20

ZZD2  100 100	云海血魔	100   1    70
ZZD2  100 100	云海金刚	100   1    70
ZZD2  100 100	云海牛魔王	100   1    70
ZZD2  100 100	云海恶魔	100   1    70
ZZD2  100 100	云海猪王	100   1    70
ZZD2  100 100   云海牛将军    	 100   7   20
ZZD2  100 100   云海牛法师       100   7   20
ZZD2  100 100   云海牛祭祀  	 100   7   20
ZZD2  100 100   云海楔蛾     	 100   7   20
ZZD2  100 100   云海弓箭手    	 100   7   20
ZZD2  100 100   云海雕像    	 100   7   20
ZZD2  100 100   云海卫士         100   7   20
ZZD2  100 100   云海蝎卫         100   7   20
ZZD2  100 100   云海钢牙蜘蛛  	 100   7   20
ZZD2  100 100   云海天狼蜘蛛  	 100   7   20
ZZD2  100 100   云海黑锷蜘蛛     100   7   20
ZZD2  100 100   云海月魔蜘蛛     100   7   20
ZZD2  100 100   云海花吻蜘蛛     100   7   20
ZZD2  100 100   云海白野猪       100   7   20
ZZD2  100 100   云海猪卫  	 100   7   20
ZZD2  100 100   云海毒蛇  	 100   7   20

ZZD3  100 100	云海血魔	100   1    50
ZZD3  100 100	云海金刚	100   1    50
ZZD3  100 100	云海牛魔王	100   1    50
ZZD3  100 100	云海教主	100   1    50
ZZD3  100 100	云海恶魔	100   1    50
ZZD3  100 100	云海猪王	100   1    50
ZZD3  100 100   云海牛将军    	 100   8   20
ZZD3  100 100   云海牛法师       100   8   20
ZZD3  100 100   云海牛祭祀  	 100   8   20
ZZD3  100 100   云海楔蛾     	 100   8   20
ZZD3  100 100   云海弓箭手    	 100   8   20
ZZD3  100 100   云海雕像    	 100   8   20
ZZD3  100 100   云海卫士         100   8   20
ZZD3  100 100   云海蝎卫         100   8   20
ZZD3  100 100   云海钢牙蜘蛛  	 100   8   20
ZZD3  100 100   云海天狼蜘蛛  	 100   8   20
ZZD3  100 100   云海黑锷蜘蛛     100   8   20
ZZD3  100 100   云海月魔蜘蛛     100   8   20
ZZD3  100 100   云海花吻蜘蛛     100   8   20
ZZD3  100 100   云海白野猪       100   8   20
ZZD3  100 100   云海猪卫  	 100   8   20
ZZD3  100 100   云海毒蛇  	 50    8   20

ZZSD  40 40	云海血魔	50   1    60
ZZSD  40 40	云海金刚	50   1    60
ZZSD  40 40	云海牛魔王	50   1    60
ZZSD  40 40	云海教主	50   1    60
ZZSD  40 40	云海恶魔	50   1    60
ZZSD  40 40	云海猪王	50   1    60
ZZSD  40 40   云海牛将军    	50   5   15
ZZSD  40 40   云海牛法师        50   5   15
ZZSD  40 40   云海牛祭祀  	50   3   15
ZZSD  40 40   云海楔蛾     	50   5   15
ZZSD  40 40   云海弓箭手    	50   5   15
ZZSD  40 40   云海雕像    	50   5   15
ZZSD  40 40   云海卫士          50   3   15
ZZSD  40 40   云海蝎卫          50   5   15
ZZSD  40 40   云海钢牙蜘蛛  	50   5   15
ZZSD  40 40   云海天狼蜘蛛  	50   5   15
ZZSD  40 40   云海黑锷蜘蛛      50   5   15
ZZSD  40 40   云海白野猪        50   3   15
ZZSD  40 40   云海猪卫  	50   5   15
ZZSD  40 40   云海毒蛇  	50   5   15

GA1  21 32	暗之云海教主	50   1    60
GA1  40 50	云海月魔蜘蛛	50   30    30
GA0  150 150	云海牛将军	100   5    30
GA0  150 150	云海牛祭祀	100   5    30
GA0  150 150	云海雕像	100   5    30
GA0  150 150	云海卫士	100   5    30
GA0  150 150	云海白野猪	100   5    30
GA0  150 150	云海毒蛇	100   5    30
GA0  150 150	云海牛法师	100   5    30
GA0  150 150	云海弓箭手	100   5    30
GA0  150 150	云海猪卫	100   5    30
GA0  150 150	云海黑锷蜘蛛	100   5    30
GA0  150 150	云海蝎卫	100   5    30
GA0  150 150	云海钢牙蜘蛛	100   5    30

F004	50	68	幽冥教主	50	1	60
F004	50	68	祖玛教主	50	1	30
F004	50	68	祖玛卫士	50	30	15
F004	50	68	祖玛雕像0	50	30	15
F004	50	68	祖玛弓箭手	50	30	15
F004	50	68	暗之赤月恶魔	50	1	30
F004	50	68	赤月恶魔	50	1	30
F004	50	68	双头血魔	50	1	30
F004	50	68	双头金刚	50	1	30

jxdt  100 100   镜像冥王   	  50    1    60
jxdt  100 100   祖玛教主	  50	1    30
jxdt  100 100   牛魔法师     	  100   10   15
jxdt  100 100   牛魔法师0   	  100   10   15
jxdt  100 100   牛魔祭司   	  100   10   15
jxdt  100 100   牛魔祭司0   	  100   10   15
jxdt  100 100   牛魔将军          100   10   15
jxdt  100 100   牛魔将军0         100   10   15
jxdt  100 100   祖玛卫士0	  100   10   15
jxdt  100 100   祖玛雕像0	  100   10   15
jxdt  100 100   祖玛弓箭手	  100   10   15
jxdt  100 100   暗之赤月恶魔	  50	1    30
jxdt  100 100   赤月恶魔	  50	1    30
jxdt  100 100   双头血魔	  50	1    30
jxdt  100 100   双头金刚	  50	1    30

;JZZL  400 400   悠悠教主	  200	1    100
;JZZL  400 400   悠悠恶魔	  200	1    60
;JZZL  400 400   悠悠血魔	  200	1    60
;JZZL  400 400   悠悠金刚	  200	1    60
;JZZL  400 400   悠悠牛魔王	  200	1    60
;JZZL  400 400   悠悠树妖	  200	1    60
;JZZL  400 400   悠悠骷髅精灵	  200	1    60
;JZZL  400 400   悠悠黄泉教主	  200	1    60
;JZZL  400 400   悠悠沃玛教主	  200	1    60
;JZZL  400 400   悠悠虹魔教主	  200	1    60
;JZZL  400 400   悠悠石墓尸王	  200	1    60
;JZZL  400 400   悠悠祖玛教主	  200	1    60
;JZZL  400 400   悠悠猪卫	  200	11   20
;JZZL  400 400   悠悠恶蛆	  200	15   10
;JZZL  400 400   悠悠楔蛾	  200	16   10
;JZZL  400 400   悠悠黑野猪	  200	17   10
;JZZL  400 400   悠悠红野猪	  200	18   10
;JZZL  400 400   悠悠雕像	  200	19   10
;JZZL  400 400   悠悠巨虫	  200	10   10
;JZZL  400 400   悠悠法师	  200	11   10
;JZZL  400 400   悠悠将军	  200	12   10
;JZZL  400 400   悠悠祭祀	  200	13   10
;JZZL  400 400   悠悠毒蛇	  200	14   10
;JZZL  400 400   悠悠蝎卫	  200	15   10
;JZZL  400 400   悠悠白野猪	  200	16   10
;JZZL  400 400   悠悠卫士	  200	17   10
;JZZL  400 400   悠悠弓箭手	  200	18   10
;JZZL  400 400   悠悠蜘蛛	  200	19   10

ZZJD  50 50     云海血魔	50   1    50
ZZJD  50 50	云海金刚	50   1    50
ZZJD  50 50	云海牛魔王	50   1    50
ZZJD  50 50	云海教主	50   1    50
ZZJD  50 50	云海恶魔	50   1    50
ZZJD  50 50	云海猪王	50   1    50
ZZJD  50 50   云海牛将军    	50   6   20
ZZJD  50 50   云海牛法师        50   6   20
ZZJD  50 50   云海牛祭祀  	50   6   20
ZZJD  50 50   云海楔蛾     	50   6   20
ZZJD  50 50   云海弓箭手    	50   6   20
ZZJD  50 50   云海雕像    	50   6   20
ZZJD  50 50   云海卫士          50   6   20
ZZJD  50 50   云海蝎卫          50   6   20
ZZJD  50 50   云海钢牙蜘蛛  	50   6   20
ZZJD  50 50   云海天狼蜘蛛  	50   6   20
ZZJD  50 50   云海黑锷蜘蛛      50   6   20
ZZJD  50 50   云海白野猪        50   6   20
ZZJD  50 50   云海猪卫  	50   5   20
ZZJD  50 50   云海毒蛇  	50   5   20

ZZML  300 300	云海血魔	100   1    60
ZZML  300 300	云海金刚	100   1    60
ZZML  300 300	云海牛魔王	100   1    60
ZZML  300 300	云海恶魔	100   1    60
ZZML  300 300	云海猪王	100   1    60
ZZML  300 300   云海牛将军    	 100   8   20
ZZML  300 300   云海牛法师       100   8   20
ZZML  300 300   云海牛祭祀  	 100   8   20
ZZML  300 300   云海楔蛾     	 100   8   20
ZZML  300 300   云海弓箭手    	 100   8   20
ZZML  300 300   云海雕像    	 100   8   20
ZZML  300 300   云海卫士         100   8   20
ZZML  300 300   云海蝎卫         100   8   20
ZZML  300 300   云海钢牙蜘蛛  	 100   8   20
ZZML  300 300   云海天狼蜘蛛  	 100   8   20
ZZML  300 300   云海黑锷蜘蛛     100   8   20
ZZML  300 300   云海月魔蜘蛛     100   8   20
ZZML  300 300   云海花吻蜘蛛     100   8   20
ZZML  300 300   云海白野猪       100   8   20
ZZML  300 300   云海猪卫  	 100   8   20
ZZML  300 300   云海毒蛇  	 100   8   20

AXSD 79 48 云海神龙 0 1 120
AXSD 44 85 云海神龙守护 100 10 60
AXSD 64 65 云海神龙守护 100 10 60
AXSD 58 71 云海月魔蜘蛛 300 100 60
AXSD 58 71   云海牛将军    	 100   8   20
AXSD 58 71   云海牛法师       100   8   20
AXSD 58 71   云海牛祭祀  	 100   8   20
AXSD 58 71   云海楔蛾     	 100   8   20
AXSD 58 71   云海弓箭手    	 100   8   20
AXSD 58 71   云海雕像    	 100   8   20
AXSD 58 71   云海卫士         100   8   20
AXSD 58 71   云海蝎卫         100   8   20
AXSD 58 71   云海钢牙蜘蛛  	 100   8   20
AXSD 58 71   云海天狼蜘蛛  	 100   8   20
AXSD 58 71   云海黑锷蜘蛛     100   8   20
AXSD 58 71   云海月魔蜘蛛     100   18   20
AXSD 58 71   云海花吻蜘蛛     100   8   20
AXSD 58 71   云海白野猪       100   8   20
AXSD 58 71   云海猪卫  	 100   8   20
AXSD 58 71   云海毒蛇  	 100   8   20
AXSD 58 71   云海金龙神   10 1 120
AXSD 58 71   云海冰龙神   10 1 120


sqfb01  50 50  魔影巨人 10 2 45
sqfb01  50 50  双头血魔 10 2 45
sqfb01  50 50  双头金刚 10 10 45
sqfb01  50 50  魔龙力士 50 10 15
sqfb01  50 50  魔龙巨蛾 50 10 15
sqfb01  50 50  魔龙战将 50 10 15
sqfb01  50 50  暗之魔龙力士 50 1 10
sqfb01  50 50  暗之魔龙巨蛾 50 1 10
sqfb01  50 50  暗之魔龙战将 50 2 10
sqfb01  50 50  神器使者 100 1 90
sqfb01 30    30    月魔蜘蛛        75    08     15
sqfb01 30    30    双头血魔        75    10     30
sqfb01 30    30    邪恶巨人        75    10     15
sqfb01 30    30    黑锷蜘蛛        75    10     15
sqfb01 30    30    黑锷蜘蛛3       75    10     5
sqfb01 30    30    双头金刚        75    1     15
sqfb01 17    21    血巨人          21    15    15
sqfb01 23    18    赤月恶魔        0     2     30
sqfb01 32    31    祖玛卫士3        50    10    10
sqfb01 32    31    祖玛弓箭手3      50    10    10
sqfb01 32    31    祖玛弓箭手3     50   10    10
sqfb01 48    47    虹魔蝎卫        50    10     60
sqfb01 48    47    祖玛弓箭手      50    30    10
sqfb01 48    47    楔蛾            50    20    10
sqfb01 48    47    虹魔猪卫        50    10     60
sqfb01 48    47    大老鼠          50    20    10
sqfb01 48    47    白野猪0         50    10    10
sqfb01 48    47    红野猪3         50    10    10
sqfb01 48    47    黑野猪3         50    10    10
sqfb01 50 50   骷髅弓箭手        100   13    20
sqfb01 50 50   骷髅长枪兵        100   13    20
sqfb01 50 50   骷髅刀斧手        100   13   20
sqfb01 50 50   恶灵僵尸          1   13   20
sqfb01 50 50   骷髅弓箭手        1   13   20
sqfb01 50 50   骷髅锤兵          1   13    20
sqfb01 50 50   骷髅长枪兵        1   20   20


jyfb01  50 50  赤月恶魔 10 1 45
jyfb01  50 50  双头血魔 10 1 45
jyfb01  50 50  双头金刚 10 1 45
jyfb01  50 50  魔龙力士 50 2 15
jyfb01  50 50  魔龙巨蛾 50 2 15
jyfb01  50 50  魔龙战将 50 2 15
jyfb01  50 50  暗之魔龙力士 50 1 10
jyfb01  50 50  暗之魔龙巨蛾 50 1 10
jyfb01  50 50  暗之魔龙战将 50 1 10
jyfb01  50 50  经验使者 1 1 90
jyfb01 32    31    祖玛卫士3        50    5    10
jyfb01 32    31    祖玛弓箭手3      50    5    10
jyfb01 32    31    祖玛弓箭手3     50   5    10
jyfb01 48    47    虹魔蝎卫        50    1     60
jyfb01 48    47    祖玛弓箭手      50    3    10
jyfb01 48    47    楔蛾            50    2    10
jyfb01 48    47    虹魔猪卫        50    1     60
jyfb01 48    47    大老鼠          50    2    10
jyfb01 48    47    红野猪3         50    1    10
jyfb01 48    47    黑野猪3         50    1    10
jyfb01 55   50  骷髅弓箭手        100   3    20
jyfb01 53  52   骷髅长枪兵        100   3    20
jyfb01 50   50   骷髅刀斧手        100   3   20
jyfb01 50 50   恶灵僵尸          1   3   20
jyfb01 50 50   骷髅弓箭手        1   3   20
jyfb01 50 50   骷髅锤兵          1   3    20
jyfb01 50 50   骷髅长枪兵        1   2   20
jyfb01 50 50   牛魔祭司      200   2    20
jyfb01 50 50   牛魔战士0     100   5     20
jyfb01 50 50   牛魔法师      100   2    20
jyfb01 50 50   牛魔法师0     100   5     20
jyfb01 50 62  牛魔将军      100   2    20
jyfb01 70 62   牛头魔        100   2   10
jyfb01 78 68   牛魔斗士      100   3    10
jyfb01 52 58   牛魔侍卫      100   3    10
jyfb01 58 52   牛魔将军      100   3    10



cffb01  50 50  赤月恶魔 10 1 45
cffb01  50 50  双头血魔 10 1 45
cffb01  50 50  双头金刚 20 1 45
cffb01  50 50  魔龙力士 50 20 15
cffb01  50 50  魔龙巨蛾 50 20 15
cffb01  50 50  魔龙战将 50 20 15
cffb01  50 50  暗之魔龙力士 50 1 10
cffb01  50 50  暗之魔龙巨蛾 50 1 10
cffb01  50 50  暗之魔龙战将 50 1 10
cffb01  50 50  财富使者 1 1 90
cffb01 50 50   恶灵僵尸          10   3   20
cffb01 50 50   骷髅弓箭手        10   3   20
cffb01 50 50   骷髅锤兵          100   30    20
cffb01 50 50   骷髅长枪兵        10   20   20
cffb01 50 50   牛魔祭司      200   12    20
cffb01 50 50   牛魔战士0     100   15     20
cffb01 50 50   牛魔法师      100   12    20
cffb01 50 50   牛魔法师0     100   15     20
cffb01 50 62  牛魔将军      100   2    20
cffb01 70 62   牛头魔        100   2   10
cffb01 78 68   牛魔斗士      100   30    10
cffb01 52 58   牛魔侍卫      100   30    10
cffb01 58 52   牛魔将军      100   30    10
cffb01    40      40      沃玛战将8       20      15        5
cffb01    40      40      火焰沃玛8       20      15        5
cffb01    40      40      沃玛战士8       20      15        5
cffb01    50      50      沃玛勇士8       20      17        5
cffb01    50      50      沃玛战将8       20      17        5



;天外飞仙
;-----------------------------------------------------------------
twfx01  50 50 魔龙力士 100 5 15
twfx01  50 50 魔龙巨蛾 100 10 15
twfx01  50 50 魔龙战将 100 5 15
twfx01  50 50 暗之魔龙力士 100 1 10
twfx01  50 50 暗之魔龙巨蛾 100 1 10
twfx01  50 50 暗之魔龙战将 100 1 10
twfx01  47 20 魔影巨人1 2 45
twfx01  36 31 魔龙教主 1 2 45
twfx01  27 44 暗之魔龙教主 10 1 45
twfx01  13 63 君意战皇 1 2 30
twfx01  32 59 君意道皇 1 2 30
twfx01  66 39 君意魔皇 1 2 30
twfx01  20 12 云海主宰者 100 1 180
twfx01  21 51 云海火龙神 100 1 90
twfx01  45 57 云海黄金龙 100 1 90
;twfx01  48 39 云海冰龙神 100 1 90
twfx01  66 39   云海钢牙蜘蛛  	 50   7   20
twfx01  20 12   云海天狼蜘蛛  	 50   7   20
twfx01  48 39   云海黑锷蜘蛛    50   7   20
twfx01  47 20   云海月魔蜘蛛    50   7   20
twfx01  50 50   云海花吻蜘蛛    50   7   20
twfx01  50 50   云海白野猪      50   7   20
twfx01 30    30    月魔蜘蛛        75    8     15
twfx01 30    30    双头血魔        75    5     30
twfx01 30    30    邪恶巨人        75    10     15
twfx01 30    30    黑锷蜘蛛        75    10     15
twfx01 30    30    黑锷蜘蛛3       75    3     5
twfx01 30    30    双头金刚        75    5     15
twfx01 17    21    血巨人          21    5    15
twfx01 23    18    赤月恶魔        0     5     30
twfx01 32    31    祖玛卫士3        50    5    10
twfx01 32    31    祖玛弓箭手3      50    5    10
twfx01 32    31    祖玛弓箭手3     50   5    10
twfx01 48    47    虹魔蝎卫        50    2     60
twfx01 48    47    祖玛弓箭手      50    3    10
twfx01 48    47    楔蛾            50    20    10
twfx01 48    47    虹魔猪卫        50    1     60
twfx01 48    47    大老鼠          50    2    10
twfx01 48    47    红野猪3         50    5    10
twfx01 48    47    黑野猪3         50    5    10
twfx01 55   50  骷髅弓箭手        100   3    20
twfx01 53  52   骷髅长枪兵        100   3    20
twfx01 50   50   骷髅刀斧手        100   3   20
twfx01 50 50   恶灵僵尸          1   3   20
twfx01 50 50   骷髅弓箭手        1   3   20
twfx01 50 50   骷髅锤兵          1   3    20
twfx01 50 50   骷髅长枪兵        1   2   20
twfx01 50 50   牛魔祭司      200   5    20
twfx01 50 50   牛魔战士0     100   5     20
twfx01 50 50   牛魔法师      100   5    20
twfx01 50 50   牛魔法师0     100   5     20
twfx01 50 62  牛魔将军      100   2    20
twfx01 70 62   牛头魔        100   5   10
twfx01 78 68   牛魔斗士      100   5    10
twfx01 52 58   牛魔侍卫      100   3    10
twfx01 58 52   牛魔将军      100   3    10
twfx01    40      40      沃玛战将8       20      5        5
twfx01    40      40      火焰沃玛8       20      5        5
twfx01    40      40      沃玛战士8       20      5        5
twfx01    50      50      沃玛勇士8       20      7        5
twfx01    50      50      沃玛战将8       20      7        5
