junlin  20      23       卓越深海巨魔     5          2      30
junlin  20      23       卓越远古领主     5          2      30
junlin  20      23       卓越蛮荒野兽     5          2      30
junlin  20      23       秦始皇[BOSS]     1          1      60
junlin  20      23       牛气冲天         5          1      60
junlin  20      23       龙啸九天         1          1      60
junlin  20      23       蜘蛛侠客         5          1      60
junlin  20      23       金蛇郎君         5          1      60

T118	14	16	神之双头血魔	1	1	60
T219	26	26	神之双头金刚	1	1	60
T339	22	26	神之骷髅精灵	1	1	60
T315	52	36	神之黄泉教主	1	1	60
T218	14	16	神之虹魔教主	1	1	60
T232	20	28	神之沃玛教主	1	1	60

zhufu	43	43	祝福小魔兽	100	10	15
zhufu	43	43	祝福小魔兽	100	10	15
zhufu	43	43	祝福小魔兽	100	10	15
zhufu	43	43	祝福小魔兽	100	10	15
zhufu	43	43	祝福小魔兽	100	10	15

zhufu	43	43	祝福大魔兽	100	5	30
zhufu	43	43	祝福大魔兽	100	5	30
zhufu	43	43	祝福巨兽	0	1	60
;神威狱
shenwei1 17     19      魔龙力士       20       5      15
shenwei1 17     19      魔龙战将       20       5      15
shenwei1 17     19      魔龙巨蛾       20       5      15
shenwei1 17     19      魔龙教主       5        1      30
shenwei1 17     19      暗之魔龙教主   5        1      30
shenwei1 17     19      魔影巨人       5        1      30

shenwei2 17     19      暗之魔龙力士   20       5      15
shenwei2 17     19      暗之魔龙战将   20       5      15
shenwei2 17     19      暗之魔龙巨蛾   20       5      15
shenwei2 17     19      深海巨魔       5        1      30
shenwei2 17     19      远古领主       5        1      30
shenwei2 17     19      蛮荒野兽       5        1      30

shenwei3 17     19      暗之魔龙力士11   20       5      15
shenwei3 17     19      暗之魔龙战将11   20       5      15
shenwei3 17     19      暗之魔龙巨蛾11   20       5      15
shenwei3 17     19      极品深海巨魔   5        1      30
shenwei3 17     19      极品远古领主   5        1      30
shenwei3 17     19      极品蛮荒野兽   5        1      30

shenwei4 17     19      暗之魔龙力士22   20       5      15
shenwei4 17     19      暗之魔龙战将22   20       5      15
shenwei4 17     19      暗之魔龙巨蛾22   20       5      15
shenwei4 17     19      卓越深海巨魔   5          1      30
shenwei4 17     19      卓越远古领主   5          1      30
shenwei4 17     19      卓越蛮荒野兽   5          1      30

shenwei5 17     19      魔龙教主11         20       1      30
shenwei5 17     19      魔影巨人11         20       1      30
shenwei5 17     19      深海巨魔         20         1      30
shenwei5 17     19      远古领主         20         1      30
shenwei5 17     19      蛮荒野兽         20         1      30
shenwei5 17     19      雷炎蛛王[BOSS]   0          1      60

shenwei6 17     19      魔龙教主11         20       1      30
shenwei6 17     19      魔影巨人11         20       1      30
shenwei6 17     19      极品深海巨魔     20       1      30
shenwei6 17     19      极品远古领主     20       1      30
shenwei6 17     19      极品蛮荒野兽     20       1      30
shenwei6 17     19      深渊魔王[BOSS]   0        1      60

shenwei7 17     19      魔龙教主11         20       1      30
shenwei7 17     19      魔影巨人11         20       1      30
shenwei7 17     19      卓越深海巨魔         20       1      30
shenwei7 17     19      卓越远古领主         20       1      30
shenwei7 17     19      卓越蛮荒野兽         20       1      30
shenwei7 17     19      卓越蛛王             1        1      60
shenwei7 17     19      卓越恶魔             1        1      60

shenwei8 17     19      魔龙教主11         20       1      30
shenwei8 17     19      魔影巨人11         20       1      30
shenwei8 17     19      卓越深海巨魔         20       1      30
shenwei8 17     19      卓越远古领主         20       1      30
shenwei8 17     19      卓越蛮荒野兽         20       1      30
shenwei8 17     19      狐月天珠[BOSS]       1        1      60
shenwei8 17     19      秦始皇[BOSS]         1        1      60

shenwei9 17     19      卓越深海巨魔     5        1      30
shenwei9 17     19      卓越远古领主     5        1      30
shenwei9 17     19      卓越蛮荒野兽     5        1      30
shenwei9 17     19      雷炎蛛王[BOSS]   0        1      60
shenwei9 17     19      深渊魔王[BOSS]   0        1      60
shenwei9 20     10      卓越金龙         0        1      60
shenwei9 21     34      卓越冰龙         0        1      60

shenwei1 17     19       神威统领1       5       1      1
shenwei2 17     19       神威统领2       5       1      1
shenwei3 17     19       神威统领3       5       1      1
shenwei4 17     19       神威统领4       5       1      1
shenwei5 17     19       神威统领5       5       1      1
shenwei6 17     19       神威统领6       5       1      1
shenwei7 17     19       神威统领7       5       1      1
shenwei8 17     19       神威统领8       5       1      1

;新手打宝
xsdb1	52	51	魔龙刀兵88	100	20	5
xsdb1	52	51	魔龙破甲兵88	100	20	5
xsdb1	52	51	魔龙射手88	100	20	5
xsdb1	52	51	魔龙力士88	100	15	5
xsdb1	52	51	魔龙战将88	100	15	5
xsdb1	52	51	魔龙巨蛾88	100	15	5
xsdb1	52	51	暗之魔龙力士88	100	15	5
xsdb1	52	51	暗之魔龙战将88	100	15	5
xsdb1	52	51	暗之魔龙巨蛾88	100	15	5
xsdb1	52	51	暗之魔龙力士88	100	5	10
xsdb1	52	51	暗之魔龙战将88	100	5	10
xsdb1	52	51	暗之魔龙巨蛾88	100	5	10
xsdb1	52	51	暗之魔龙力士88	100	5	10
xsdb1	52	51	暗之魔龙战将88	100	5	10
xsdb1	52	51	暗之魔龙巨蛾88	100	5	10
xsdb1	67	37	魔龙教主        1       1       30
xsdb1	38	67	魔影巨人        1       1       30
xsdb1	37	37	暗之魔龙教主    1       1       30

xsdb2	22	24	魔龙刀兵88	50	10	5
xsdb2	22	24	魔龙破甲兵88	50	10	5
xsdb2	22	24	魔龙射手88	50	10	5
xsdb2	22	24	魔龙力士88	50	10	5
xsdb2	22	24	魔龙战将88	50	10	5
xsdb2	22	24	魔龙巨蛾88	50	10	5
xsdb2	22	24	暗之魔龙力士88	50	5	5
xsdb2	22	24	暗之魔龙战将88	50	5	5
xsdb2	22	24	暗之魔龙巨蛾88	50	5	5
xsdb2	22	24	暗之魔龙力士88	50	2	10
xsdb2	22	24	暗之魔龙战将88	50	2	10
xsdb2	22	24	暗之魔龙巨蛾88	50	2	10
xsdb2	22	24	暗之魔龙力士88	50	2	10
xsdb2	22	24	暗之魔龙战将88	50	2	10
xsdb2	22	24	暗之魔龙巨蛾88	50	2	10
xsdb2	22	24	魔龙教主        50      1       30
xsdb2	22	24	魔影巨人        50      1       30
xsdb2	22	24	暗之魔龙教主        50      1       30

xsdb3	50	50	魔龙刀兵88	100	20	5
xsdb3	50	50	魔龙破甲兵88	100	20	5
xsdb3	50	50	魔龙射手88	100	20	5
xsdb3	50	50	魔龙力士88	100	20	5
xsdb3	50	50	魔龙战将88	100	20	5
xsdb3	50	50	魔龙巨蛾88	100	20	5
xsdb3	50	50	暗之魔龙力士88	100	12	5
xsdb3	50	50	暗之魔龙战将88	100	12	5
xsdb3	50	50	暗之魔龙巨蛾88	100	12	5
xsdb3	50	50	暗之魔龙力士88	100	3	10
xsdb3	50	50	暗之魔龙战将88	100	3	10
xsdb3	50	50	暗之魔龙巨蛾88	100	3	10
xsdb3	50	50	暗之魔龙力士88	100	3	10
xsdb3	50	50	暗之魔龙战将88	100	3	10
xsdb3	50	50	暗之魔龙巨蛾88	100	3	10
xsdb3	50	50	魔龙教主        100      1       30
xsdb3	50	50	魔影巨人        100      1       30
xsdb3	50	50	暗之魔龙教主        100      1       30
;━━━━━━━━━━━━━━━━━━━━━━━━━━━━━━━━
;地图名：地下宫殿
H007A	94	16	半兽人7	2	30	5
H007A	90	10	半兽人7	2	30	5
H007A	86	24	半兽人7	2	30	5
H007A	82	28	半兽人7	2	30	5
H007A	78	32	半兽人7	2	30	5
H007A	74	36	半兽人7	2	30	5
H007A	70	40	半兽人7	2	30	5
H007A	66	44	半兽人7	2	20	5
H007A	62	48	半兽人7	2	20	5
H007A	58	52	半兽人7	2	20	5
H007A	54	56	半兽人7	2	20	5
H007A	50	60	半兽人7	2	20	5
H007A	46	64	半兽人7	2	20	5
H007A	42	68	半兽人7	2	20	5
H007A	38	72	半兽人7	2	20	5
H007A	34	76	半兽人7	2	20	5
H007A	30	80	半兽人7	2	20	5
H007A	26	84	半兽人7	2	20	5
H007A	22	88	半兽人7	2	20	5
H007A	18	92	半兽人7	2	20	5
H007A	14	96	半兽人7	2	20	5
H007A	15	100	半兽人7	2	20	5
H007A	12	103	半兽人7	2	20	5
H007A	16	107	半兽人7	2	20	5
H007A	20	111	半兽人7	2	20	5
H007A	24	115	半兽人7	2	20	5
H007A	28	119	半兽人7	2	20	5
H007A	32	123	半兽人7	2	20	5
H007A	36	127	半兽人7	2	20	5
H007A	40	131	半兽人7	2	20	5
H007A	44	135	半兽人7	2	20	5
H007A	48	139	半兽人7	2	20	5
H007A	52	143	半兽人7	2	20	5
H007A	56	147	半兽人7	2	20	5
H007A	60	151	半兽人7	2	20	5
H007A	64	155	半兽人7	2	20	5
H007A	68	159	半兽人7	2	20	5
H007A	72	163	半兽人7	2	20	5
H007A	76	167	半兽人7	2	20	5
H007A	80	171	半兽人7	2	20	5
H007A	84	175	半兽人7	2	20	5
H007A	88	179	半兽人7	2	20	5
H007A	92	183	半兽人7	2	20	5
H007A	96	187	半兽人7	2	20	5
H007A	97	189	半兽人7	2	20	5
H007A	101	186	半兽人7	2	20	5
H007A	105	182	半兽人7	2	20	5
H007A	109	178	半兽人7	2	20	5
H007A	113	174	半兽人7	2	20	5
H007A	117	170	半兽人7	2	20	5
H007A	121	166	半兽人7	2	20	5
H007A	125	162	半兽人7	2	20	5
H007A	129	158	半兽人7	2	20	5
H007A	133	154	半兽人7	2	20	5
H007A	137	150	半兽人7	2	20	5
H007A	141	146	半兽人7	2	20	5
H007A	145	142	半兽人7	2	20	5
H007A	149	138	半兽人7	2	20	5
H007A	153	134	半兽人7	2	20	5
H007A	157	130	半兽人7	2	20	5
H007A	161	126	半兽人7	2	20	5
H007A	165	122	半兽人7	2	20	5
H007A	169	118	半兽人7	2	20	5
H007A	173	114	半兽人7	2	20	5
H007A	177	110	半兽人7	2	20	5
H007A	181	106	半兽人7	2	20	5
H007A	185	102	半兽人7	2	20	5
H007A	188	99	半兽人7	2	20	5
H007A	155	170	半兽人7	10	50	5
H007A	184	93	半兽人7	2	15	5
H007A	180	89	半兽人7	2	15	5
H007A	176	85	半兽人7	2	15	5
H007A	172	81	半兽人7	2	15	5
H007A	168	77	半兽人7	2	15	5
H007A	164	73	半兽人7	2	15	5
H007A	160	69	半兽人7	2	15	5
H007A	156	65	半兽人7	2	15	5
H007A	152	61	半兽人7	2	15	5
H007A	148	57	半兽人7	2	15	5
H007A	144	53	半兽人7	2	15	5
H007A	140	49	半兽人7	2	15	5
H007A	136	45	半兽人7	2	15	5
H007A	132	41	半兽人7	2	15	5
H007A	128	37	半兽人7	2	15	5
H007A	124	33	半兽人7	2	15	5
H007A	120	29	半兽人7	2	15	5
H007A	36	85	半兽战士7	2	20	5
H007A	40	89	半兽战士7	2	20	5
H007A	42	89	电僵王7	        0	2	10
H007A	42	89	触龙神7	        0	1	10
H007A	39	90	魔龙教主	200	1	120
H007A	36	93	半兽战士7	2	20	5
H007A	32	101	半兽战士7	2	20	5
H007A	36	105	半兽战士7	2	20	5
H007A	40	109	半兽战士7	2	20	5
H007A	44	113	半兽战士7	2	20	5
H007A	48	117	半兽战士7	2	20	5
H007A	52	121	半兽战士7	2	20	5
H007A	56	124	半兽战士7	2	20	5
H007A	60	129	半兽战士7	2	20	5
H007A	64	133	半兽战士7	2	20	5
H007A	68	137	半兽战士7	2	20	5
H007A	72	141	半兽战士7	2	20	5
H007A	76	145	半兽战士7	2	20	5
H007A	80	149	半兽战士7	2	20	5
H007A	84	153	半兽战士7	2	20	5
H007A	88	157	半兽战士7	2	20	5
H007A	92	161	半兽战士7	2	20	5
H007A	96	164	半兽战士7	2	20	5
H007A	101	167	半兽战士7	2	15	5
H007A	105	163	半兽战士7	2	15	5
H007A	109	159	半兽战士7	2	15	5
H007A	113	155	半兽战士7	2	15	5
H007A	117	151	半兽战士7	2	15	5
H007A	121	147	半兽战士7	2	15	5
H007A	125	143	半兽战士7	2	15	5
H007A	129	139	半兽战士7	2	15	5
H007A	133	135	半兽战士7	2	15	5
H007A	137	131	半兽战士7	2	15	5
H007A	141	127	半兽战士7	2	15	5
H007A	145	123	半兽战士7	2	15	5
H007A	149	119	半兽战士7	2	15	5
H007A	153	115	半兽战士7	2	15	5
H007A	157	111	半兽战士7	2	15	5
H007A	161	107	半兽战士7	2	15	5
H007A	165	104	半兽战士7	2	15	5
H007A	168	98	半兽战士7	2	15	5
H007A	164	93	半兽战士7	2	15	5
H007A	160	89	半兽战士7	2	15	5
H007A	156	85	半兽战士7	2	15	5
H007A	152	81	半兽战士7	2	15	5
H007A	148	77	半兽战士7	2	15	5
H007A	144	73	半兽战士7	2	15	5
H007A	140	69	半兽战士7	2	15	5
H007A	136	65	半兽战士7	2	15	5
H007A	132	61	半兽战士7	2	15	5
H007A	128	57	半兽战士7	2	15	5
H007A	124	53	半兽战士7	2	15	5
H007A	120	49	半兽战士7	2	15	5
H007A	116	45	半兽战士7	2	15	5
H007A	112	41	半兽战士7	2	15	5
H007A	108	37	半兽战士7	2	15	5
H007A	104	34	半兽战士7	2	15	5
H007A	101	30	半兽战士7	2	15	5
H007A	97	33	半兽战士7	2	15	5
H007A	93	37	半兽战士7	2	15	5
H007A	89	41	半兽战士7	2	15	5
H007A	85	45	半兽战士7	2	15	5
H007A	81	49	半兽战士7	2	15	5
H007A	77	53	半兽战士7	2	15	5
H007A	73	57	半兽战士7	2	15	5
H007A	69	60	暗之魔龙战将	0	1	180
H007A	82	59	触龙神7	        0	1	10
H007A	83	60	电僵王7	        0	2	10
H007A	69	61	半兽战士7	2	15	5
H007A	65	65	半兽战士7	2	15	5
H007A	61	69	半兽战士7	2	15	5
H007A	57	73	半兽战士7	2	15	5
H007A	83	61	恶灵僵尸7	2	20	5
H007A	85	64	恶灵僵尸7	2	20	5
H007A	81	69	恶灵僵尸7	2	20	5
H007A	77	73	恶灵僵尸7	2	20	5
H007A	73	77	恶灵僵尸7	2	20	5
H007A	69	81	恶灵僵尸7	2	20	5
H007A	65	85	恶灵僵尸7	2	20	5
H007A	61	89	恶灵僵尸7	2	20	5
H007A	57	93	恶灵僵尸7	2	20	5
H007A	53	97	恶灵僵尸7	2	20	5
H007A	57	103	恶灵僵尸7	2	20	5
H007A	61	107	恶灵僵尸7	2	20	5
H007A	65	111	恶灵僵尸7	2	20	5
H007A	69	115	恶灵僵尸7	2	20	5
H007A	73	119	恶灵僵尸7	2	20	5
H007A	77	123	恶灵僵尸7	2	20	5
H007A	81	127	恶灵僵尸7	2	20	5
H007A	85	131	恶灵僵尸7	2	20	5
H007A	89	135	恶灵僵尸7	2	20	5
H007A	93	139	恶灵僵尸7	2	20	5
H007A	97	143	恶灵僵尸7	2	20	5
H007A	101	147	恶灵僵尸7	2	20	5
H007A	105	143	恶灵僵尸7	2	20	5
H007A	109	139	恶灵僵尸7	2	20	5
H007A	113	135	恶灵僵尸7	2	20	5
H007A	117	131	恶灵僵尸7	2	20	5
H007A	121	127	恶灵僵尸7	2	20	5
H007A	125	123	恶灵僵尸7	2	20	5
H007A	129	119	恶灵僵尸7	2	20	5
H007A	133	115	恶灵僵尸7	2	20	5
H007A	137	111	恶灵僵尸7	2	20	5
H007A	141	107	恶灵僵尸7	2	20	5
H007A	145	103	恶灵僵尸7	2	20	5
H007A	149	99	恶灵僵尸7	2	15	5
H007A	145	95	恶灵僵尸7	2	15	5
H007A	141	91	恶灵僵尸7	2	15	5
H007A	137	87	恶灵僵尸7	2	15	5
H007A	133	83	恶灵僵尸7	2	15	5
H007A	129	79	恶灵僵尸7	2	15	5
H007A	125	75	恶灵僵尸7	2	15	5
H007A	121	71	恶灵僵尸7	2	15	5
H007A	117	67	恶灵僵尸7	2	15	5
H007A	113	63	恶灵僵尸7	2	15	5
H007A	109	59	恶灵僵尸7	2	15	5
H007A	105	55	恶灵僵尸7	2	15	5
H007A	101	51	恶灵僵尸7	2	15	5
H007A	101	48	触龙神7	0	1	10
H007A	101	49	电僵王7	0	2	10
H007A	97	52	恶灵僵尸7	2	15	5
H007A	93	56	恶灵僵尸7	2	15	5
H007A	89	60	恶灵僵尸7	2	15	5
H007A	118	107	骷髅长枪兵7	2	15	5
H007A	118	107	骷髅刀斧手7	2	15	5
H007A	114	111	骷髅长枪兵7	2	15	5
H007A	114	111	骷髅刀斧手7	2	15	5
H007A	110	115	骷髅长枪兵7	2	15	5
H007A	110	115	骷髅刀斧手7	2	15	5
H007A	106	119	骷髅长枪兵7	2	15	5
H007A	106	119	骷髅刀斧手7	2	15	5
H007A	100	125	骷髅刀斧手7	2	15	5
H007A	102	123	骷髅长枪兵7	2	15	5
H007A	102	123	骷髅长枪兵7	2	15	5
H007A	96	121	骷髅刀斧手7	2	15	5
H007A	96	121	骷髅长枪兵7	2	15	5
H007A	92	117	骷髅刀斧手7	2	15	5
H007A	92	117	骷髅长枪兵7	2	15	5
H007A	88	114	骷髅刀斧手7	2	15	5
H007A	88	114	骷髅长枪兵7	2	15	5
H007A	84	110	骷髅刀斧手7	2	15	5
H007A	84	110	骷髅长枪兵7	2	15	5
H007A	80	106	骷髅刀斧手7	2	15	5
H007A	80	106	骷髅长枪兵7	2	15	5
H007A	76	102	骷髅刀斧手7	2	15	5
H007A	76	102	骷髅长枪兵7	2	15	5
H007A	72	98	骷髅刀斧手7	2	15	5
H007A	72	98	骷髅长枪兵7	2	15	5
H007A	70	98	暗之魔龙力士	0	1	180
H007A	70	98	双头血魔	0	1	180
H007A	77	93	骷髅长枪兵7	0	10	10
H007A	77	93	骷髅刀斧手7	2	15	5
H007A	81	89	骷髅长枪兵7	2	15	5
H007A	81	89	骷髅刀斧手7	2	15	5
H007A	85	85	骷髅长枪兵7	2	15	5
H007A	85	85	骷髅刀斧手7	2	15	5
H007A	89	81	骷髅长枪兵7	2	15	5
H007A	89	81	骷髅刀斧手7	2	15	5
H007A	93	77	骷髅长枪兵7	2	15	5
H007A	93	77	骷髅刀斧手7	2	15	5
H007A	97	73	骷髅长枪兵7	2	15	5
H007A	97	73	骷髅刀斧手7	2	15	5
H007A	101	69	骷髅长枪兵7	2	15	5
H007A	101	69	骷髅刀斧手7	2	15	5
H007A	101	74	骷髅长枪兵7	2	15	5
H007A	113	78	骷髅刀斧手7	2	15	5
H007A	119	84	骷髅刀斧手7	2	15	5
H007A	125	90	骷髅刀斧手7	2	15	5
H007A	101	96	骷髅锤兵7	5	60	10
H007A	130	97	电僵王7	2	2	10
H007A	125	93	触龙神7	0	1	10
H007A	126	99	骷髅长枪兵7	2	15	5
H007A	126	99	骷髅刀斧手7	2	15	5
H007A	122	103	骷髅长枪兵7	2	15	5
H007A	122	103	骷髅刀斧手7	0	15	10
H007A	57	146	重装使者	0	1	180
H007A	31	122	双头金刚	0	1	180
H007A	71	138	牛魔王	0	1	180
H007A	155	70	暗之魔龙教主	200	1	120
H007A	103	70	暗之魔龙巨蛾	0	1	180
H007A	94	16	半兽人7	2	20	10
H007A	90	20	半兽人7	2	20	10
H007A	86	24	半兽人7	2	20	10
H007A	82	28	半兽人7	2	20	10
H007A	78	32	半兽人7	2	20	10
H007A	74	36	半兽人7	2	20	10
H007A	70	40	半兽人7	2	20	10
H007A	66	44	半兽人7	2	20	10
H007A	62	48	半兽人7	2	20	10
H007A	58	52	半兽人7	2	20	10
H007A	54	56	半兽人7	2	20	10
H007A	50	60	半兽人7	2	20	10
H007A	46	64	半兽人7	2	20	10
H007A	42	68	半兽人7	2	20	10
H007A	38	72	半兽人7	2	20	10
H007A	34	76	半兽人7	2	20	10
H007A	20	80	半兽人7	2	20	10
H007A	26	84	半兽人7	2	20	10
H007A	22	88	半兽人7	2	20	10
H007A	18	92	半兽人7	2	20	10
H007A	14	96	半兽人7	2	20	10
H007A	10	100	半兽人7	2	20	10
H007A	12	103	半兽人7	2	20	10
H007A	16	107	半兽人7	2	30	10
H007A	20	111	半兽人7	2	30	10
H007A	24	115	半兽人7	2	30	10
H007A	28	119	半兽人7	2	30	10
H007A	32	123	半兽人7	2	30	10
H007A	36	127	半兽人7	2	30	10
H007A	40	131	半兽人7	2	30	10
H007A	44	135	半兽人7	2	30	10
H007A	48	139	半兽人7	2	30	10
H007A	52	143	半兽人7	2	30	10
H007A	56	147	半兽人7	2	30	10
H007A	60	151	半兽人7	2	30	10
H007A	64	155	半兽人7	2	30	10
H007A	68	159	半兽人7	2	30	10
H007A	72	163	半兽人7	2	30	10
H007A	76	167	半兽人7	2	30	10
H007A	80	171	半兽人7	2	30	10
H007A	84	175	半兽人7	2	30	10
H007A	88	179	半兽人7	2	30	10
H007A	92	183	半兽人7	2	30	10
H007A	96	187	半兽人7	2	30	10
H007A	97	189	半兽人7	2	30	10
H007A	101	186	半兽人7	2	30	10
H007A	105	182	半兽人7	2	30	10
H007A	109	178	半兽人7	2	30	10
H007A	113	174	半兽人7	2	30	10
H007A	117	170	半兽人7	2	30	10
H007A	121	166	半兽人7	2	30	10
H007A	125	162	半兽人7	2	30	10
H007A	129	158	半兽人7	2	30	10
H007A	133	154	半兽人7	2	30	10
H007A	137	150	半兽人7	2	30	10
H007A	141	146	半兽人7	2	30	10
H007A	145	142	半兽人7	2	30	10
H007A	149	138	半兽人7	2	30	10
H007A	153	134	半兽人7	2	30	10
H007A	157	130	半兽人7	2	30	10
H007A	161	126	半兽人7	2	30	10
H007A	165	122	半兽人7	2	30	10
H007A	169	118	半兽人7	2	30	10
H007A	173	114	半兽人7	2	30	10
H007A	177	110	半兽人7	2	30	10
H007A	181	106	半兽人7	2	30	10
H007A	185	102	半兽人7	2	30	10
H007A	188	99	半兽人7	2	30	10
H007A	155	170	半兽人7	10	100	10
H007A	184	93	半兽人7	2	30	10
H007A	180	89	半兽人7	2	30	10
H007A	176	85	半兽人7	2	30	10
H007A	172	81	半兽人7	2	30	10
H007A	168	77	半兽人7	2	30	10
H007A	164	73	半兽人7	2	30	10
H007A	160	69	半兽人7	2	30	10
H007A	156	65	半兽人7	2	30	10
H007A	152	61	半兽人7	2	30	10
H007A	148	57	半兽人7	2	30	10
H007A	144	53	半兽人7	2	30	10
H007A	140	49	半兽人7	2	30	10
H007A	136	45	半兽人7	2	30	10
H007A	132	41	半兽人7	2	30	10
H007A	128	37	半兽人7	2	30	10
H007A	124	33	半兽人7	2	30	10
H007A	120	29	半兽人7	2	30	10
H007A	36	85	半兽战士7	2	30	10
H007A	40	89	半兽战士7	2	30	10
H007A	36	93	半兽战士7	2	30	10
H007A	32	101	半兽战士7	2	30	10
H007A	36	105	半兽战士7	2	30	10
H007A	40	109	半兽战士7	2	30	10
H007A	44	113	半兽战士7	2	30	10
H007A	48	117	半兽战士7	2	30	10
H007A	52	121	半兽战士7	2	30	10
H007A	56	124	半兽战士7	2	30	10
H007A	60	129	半兽战士7	2	30	10
H007A	64	133	半兽战士7	2	30	10
H007A	68	137	半兽战士7	2	30	10
H007A	72	141	半兽战士7	2	30	10
H007A	76	145	半兽战士7	2	30	10
H007A	80	149	半兽战士7	2	30	10
H007A	84	153	半兽战士7	2	30	10
H007A	88	157	半兽战士7	2	30	10
H007A	92	161	半兽战士7	2	30	10
H007A	96	164	半兽战士7	2	30	10
H007A	101	167	半兽战士7	2	30	10
H007A	105	163	半兽战士7	2	30	10
H007A	109	109	半兽战士7	2	30	10
H007A	113	155	半兽战士7	2	30	10
H007A	117	151	半兽战士7	2	30	10
H007A	121	147	半兽战士7	2	30	10
H007A	125	143	半兽战士7	2	30	10
H007A	129	139	半兽战士7	2	30	10
H007A	133	135	半兽战士7	2	30	10
H007A	137	131	半兽战士7	2	30	10
H007A	141	127	半兽战士7	2	30	10
H007A	145	123	半兽战士7	2	30	10
H007A	149	119	半兽战士7	2	30	10
H007A	153	115	半兽战士7	2	30	10
H007A	157	111	半兽战士7	2	30	10
H007A	161	107	半兽战士7	2	30	10
H007A	165	104	半兽战士7	2	30	10
H007A	168	98	半兽战士7	2	20	10
H007A	164	93	半兽战士7	2	20	10
H007A	160	89	半兽战士7	2	20	10
H007A	156	85	半兽战士7	2	20	10
H007A	152	81	半兽战士7	2	20	10
H007A	148	77	半兽战士7	2	20	10
H007A	144	73	半兽战士7	2	20	10
H007A	140	69	半兽战士7	2	20	10
H007A	136	65	半兽战士7	2	20	10
H007A	132	61	半兽战士7	2	20	10
H007A	128	57	半兽战士7	2	20	10
H007A	124	53	半兽战士7	2	20	10
H007A	120	49	半兽战士7	2	20	10
H007A	116	45	半兽战士7	2	20	10
H007A	112	41	半兽战士7	2	20	10
H007A	108	37	半兽战士7	2	20	10
H007A	104	34	半兽战士7	2	20	10
H007A	101	30	半兽战士7	2	20	10
H007A	97	33	半兽战士7	2	20	10
H007A	93	37	半兽战士7	2	20	10
H007A	89	41	半兽战士7	2	20	10
H007A	85	45	半兽战士7	2	20	10
H007A	81	49	半兽战士7	2	20	10
H007A	77	53	半兽战士7	2	20	10
H007A	73	57	半兽战士7	2	20	10
H007A	69	61	半兽战士7	2	20	10
H007A	65	65	半兽战士7	2	20	10
H007A	61	69	半兽战士7	2	20	10
H007A	57	73	半兽战士7	2	20	10
H007A	83	61	恶灵僵尸7	2	30	10
H007A	85	64	恶灵僵尸7	2	30	10
H007A	81	69	恶灵僵尸7	2	30	10
H007A	77	73	恶灵僵尸7	2	30	10
H007A	73	77	恶灵僵尸7	2	30	10
H007A	69	81	恶灵僵尸7	2	30	10
H007A	65	85	恶灵僵尸7	2	30	10
H007A	61	89	恶灵僵尸7	2	30	10
H007A	57	93	恶灵僵尸7	2	30	10
H007A	53	97	恶灵僵尸7	2	30	10
H007A	57	103	恶灵僵尸7	2	30	10
H007A	61	107	恶灵僵尸7	2	30	10
H007A	65	111	恶灵僵尸7	2	30	10
H007A	69	115	恶灵僵尸7	2	30	10
H007A	73	119	恶灵僵尸7	2	30	10
H007A	77	123	恶灵僵尸7	2	30	10
H007A	81	127	恶灵僵尸7	2	30	10
H007A	85	131	恶灵僵尸7	2	30	10
H007A	89	135	恶灵僵尸7	2	30	10
H007A	93	139	恶灵僵尸7	2	30	10
H007A	97	143	恶灵僵尸7	2	30	10
H007A	101	147	恶灵僵尸7	2	30	10
H007A	105	143	恶灵僵尸7	2	30	10
H007A	109	139	恶灵僵尸7	2	30	10
H007A	113	135	恶灵僵尸7	2	30	10
H007A	117	131	恶灵僵尸7	2	30	10
H007A	121	127	恶灵僵尸7	2	30	10
H007A	125	123	恶灵僵尸7	2	30	10
H007A	129	119	恶灵僵尸7	2	30	10
H007A	133	115	恶灵僵尸7	2	30	10
H007A	137	111	恶灵僵尸7	2	30	10
H007A	141	107	恶灵僵尸7	2	30	10
H007A	145	103	恶灵僵尸7	2	30	10
H007A	149	99	恶灵僵尸7	2	15	10
H007A	145	95	恶灵僵尸7	2	15	10
H007A	141	91	恶灵僵尸7	2	15	10
H007A	137	87	恶灵僵尸7	2	15	10
H007A	133	83	恶灵僵尸7	2	15	10
H007A	129	79	恶灵僵尸7	2	15	10
H007A	125	75	恶灵僵尸7	2	15	10
H007A	121	71	恶灵僵尸7	2	15	10
H007A	117	67	恶灵僵尸7	2	15	10
H007A	113	63	恶灵僵尸7	2	15	10
H007A	109	59	恶灵僵尸7	2	15	10
H007A	105	55	恶灵僵尸7	2	15	10
H007A	101	51	恶灵僵尸7	2	15	10
H007A	97	52	恶灵僵尸7	2	15	10
H007A	93	56	恶灵僵尸7	2	15	10
H007A	89	60	恶灵僵尸7	2	15	10
H007A	118	107	骷髅长枪兵7	2	15	10
H007A	118	107	骷髅刀斧手7	2	15	10
H007A	114	111	骷髅长枪兵7	2	15	10
H007A	114	111	骷髅刀斧手7	2	15	10
H007A	110	115	骷髅长枪兵7	2	15	10
H007A	110	115	骷髅刀斧手7	2	15	10
H007A	106	119	骷髅长枪兵7	2	15	10
H007A	106	119	骷髅刀斧手7	2	15	10
H007A	100	125	骷髅刀斧手7	2	15	10
H007A	102	123	骷髅长枪兵7	2	15	10
H007A	102	123	骷髅长枪兵7	2	15	10
H007A	96	121	骷髅刀斧手7	2	15	10
H007A	96	121	骷髅长枪兵7	2	15	10
H007A	92	117	骷髅刀斧手7	2	15	10
H007A	92	117	骷髅长枪兵7	2	15	10
H007A	88	114	骷髅刀斧手7	2	15	10
H007A	88	114	骷髅长枪兵7	2	15	10
H007A	84	110	骷髅刀斧手7	2	15	10
H007A	84	110	骷髅长枪兵7	2	15	10
H007A	80	106	骷髅刀斧手7	2	15	10
H007A	80	106	骷髅长枪兵7	2	15	10
H007A	76	102	骷髅刀斧手7	2	15	10
H007A	76	102	骷髅长枪兵7	2	15	10
H007A	72	98	骷髅刀斧手7	2	15	10
H007A	72	98	骷髅长枪兵7	2	15	10
H007A	77	93	骷髅长枪兵7	2	15	10
H007A	77	93	骷髅刀斧手7	2	15	10
H007A	81	89	骷髅长枪兵7	2	15	10
H007A	81	89	骷髅刀斧手7	2	15	10
H007A	85	85	骷髅长枪兵7	2	15	10
H007A	85	85	骷髅刀斧手7	2	15	10
H007A	89	81	骷髅长枪兵7	2	15	10
H007A	89	81	骷髅刀斧手7	2	15	10
H007A	93	77	骷髅长枪兵7	2	15	10
H007A	93	77	骷髅刀斧手7	2	15	10
H007A	97	73	骷髅长枪兵7	2	15	10
H007A	97	73	骷髅刀斧手7	2	15	10
H007A	101	69	骷髅长枪兵7	2	15	10
H007A	101	69	骷髅刀斧手7	2	15	10
H007A	101	74	骷髅长枪兵7	2	15	10
H007A	113	78	骷髅刀斧手7	2	15	10
H007A	119	84	骷髅刀斧手7	2	15	10
H007A	125	90	骷髅刀斧手7	2	15	10
H007A	101	96	骷髅锤兵7	5	100	10
H007A	126	99	骷髅长枪兵7	2	15	10
H007A	126	99	骷髅刀斧手7	2	15	10
H007A	122	103	骷髅长枪兵7	2	15	10
H007A	122	103	骷髅刀斧手7	2	15	10
;沃玛寺庙大殿
D024	50	50	沃玛教主	1	1	30
D024	50	50	魔龙教主	1	1	30
D024	50	50	暗之魔龙教主	1	1	30
D024	50	50	魔影巨人	1	1	30
;━━━━━━━━━━━━━━━━━━━━━━━━━━━━━━━━
;封魔殿
D2013	43      43	虹魔猪卫	100	2	20
D2013	43      43	虹魔蝎卫	100	2	20
D2013	38	35	虹魔教主	1	1	60
D2013	38	35	魔龙教主	1	1	30
D2013	38	35	魔影巨人	1	1	30
D2013	38	35	暗之魔龙教主	1	1	30
;━━━━━━━━━━━━━━━━━━━━━━━━━━━━━━━━
;尸王殿
Q004	15	15	尸王	5	15	30
Q004	15	15	尸王	5	15	30
Q004	15	15	魔龙教主	1	1	30
Q004	15	15	魔影巨人	1	1	30
Q004	15	15	暗之魔龙教主	1	1	30
;━━━━━━━━━━━━━━━━━━━━━━━━━━━━━━━━
;赤月老巢
D10062	23	18	赤月恶魔	0	1	120
D10062	17	19	月魔蜘蛛	14	6	6
D10062	17	19	月魔蜘蛛	14	7	5
D10062	15	19	花吻蜘蛛	14	8	6
D10062	15	19	钢牙蜘蛛	14	4	6
D10062	15	19	暴牙蜘蛛	14	8	6
D10062	17	17	黑锷蜘蛛	14	4	6
D10062	17	17	黑锷蜘蛛	14	6	7
D10062	16	18	血巨人	14	3	7
D10062	16	18	血僵尸	14	3	7
D10062	17	19	月魔蜘蛛	14	2	30
D10062	17	19	花吻蜘蛛	14	2	60
D10062	17	19	钢牙蜘蛛	14	2	60
D10062	17	19	暴牙蜘蛛	14	2	60
D10062	17	19	剧毒蜘蛛	14	2	60
D10062	17	19	黑锷蜘蛛	14	2	60
D10062	17	19	血巨人	14	1	60
D10062	17	19	血僵尸	14	1	60
D10062	17	19	魔龙教主	5	1	30
D10062	17	19	魔影巨人	5	1	30
D10062	17	19	暗之魔龙教主	5	1	30
;━━━━━━━━━━━━━━━━━━━━━━━━━━━━━━━━
;祖玛七层之一
D5072	50	50	祖玛雕像88	50	45	8
D5072	50	50	祖玛卫士88	50	45	8
D5072	50	50	祖玛弓箭手88	50	45	8
D5072	50	50	楔蛾	50	45	8
D5072	50	50	角蝇	50	5	8
D5072	50	50	祖玛雕像88	50	10	8
D5072	50	50	祖玛卫士88	50	10	8
D5072	50	50	祖玛弓箭88	50	10	8
D5072	50	50	祖玛雕像88	50	2	8
D5072	50	50	祖玛卫士88	50	2	8
D5072	50	50	祖玛弓箭手88	50	2	8
;祖玛七层之二
D5073	50	50	祖玛雕像88	50	45	8
D5073	50	50	祖玛卫士88	50	45	8
D5073	50	50	祖玛弓箭手88	50	45	8
D5073	50	50	楔蛾	50	45	8
D5073	50	50	角蝇	50	5	8
D5073	50	50	祖玛雕像88	50	10	8
D5073	50	50	祖玛卫士88	50	10	8
D5073	50	50	祖玛弓箭手88	50	10	8
D5073	50	50	祖玛雕像88	50	2	8
D5073	50	50	祖玛卫士88	50	2	8
D5073	50	50	祖玛弓箭手88	50	2	8
;祖玛七层之三
D5074	50	50	祖玛雕像88	50	45	8
D5074	50	50	祖玛卫士88	50	45	8
D5074	50	50	祖玛弓箭手88	50	45	8
D5074	50	50	楔蛾	50	45	8
D5074	50	50	角蝇	50	5	8
D5074	73	22	祖玛雕像88	7	5	11
D5074	73	22	祖玛卫士88	7	5	11
D5074	73	22	祖玛弓箭手88	7	5	11
D5074	73	22	楔蛾	7	5	11
D5074	73	22	角蝇	7	3	11
D5074	50	50	祖玛雕像88	50	10	8
D5074	50	50	祖玛卫士88	50	10	8
D5074	50	50	祖玛弓箭手88	50	10	8
D5074	50	50	祖玛雕像88	50	2	30
D5074	50	50	祖玛卫士88	50	2	30
D5074	50	50	祖玛弓箭手88	50	2	30
;━━━━━━━━━━━━━━━━━━━━━━━━━━━━━━━━
;祖玛教主之家
D515	22	20	角蝇	20	4	16
D515	19	24	祖玛教主	0	1	60
D515	19	24	魔龙教主	10	1	30
D515	19	24	魔影巨人	10	1	30
D515	19	24	暗之魔龙教主	10	1	30
;━━━━━━━━━━━━━━━━━━━━━━━━━━━━━━━━
;牛魔七层
D2079	50	50	牛魔侍卫88	70	20	10
D2079	50	50	牛魔将军88	70	20	10
D2079	50	50	牛魔祭司88	70	20	10
D2079	50	50	牛魔斗士88	120	20	10
D2079	50	50	牛魔侍卫88	120	20	10
D2079	50	50	牛魔法师88	120	20	10
D2079	50	50	牛魔侍卫88	70	20	10
D2079	50	50	牛魔法师88	70	20	10
D2079	50	50	牛魔将军88	70	25	10
D2079	50	50	牛魔祭司88	70	25	10
D2079	50	50	牛魔侍卫88	70	20	10
D2079	50	50	牛魔法师88	70	20	10
D2079	50	50	牛魔将军88	70	25	10
D2079	50	50	牛魔祭司88	70	25	10
D2079	50	50	牛魔侍卫88	70	4	10
D2079	50	50	牛魔法师88	70	4	10
D2079	50	50	牛魔将军88	70	2	10
D2079	50	50	牛魔祭司88	70	2	10
D2079	50	50	牛魔王	        1	1	60
D2079	50	50	暗之牛魔王	1	1	60
D2079	50	50	魔影巨人	0	1	30
D2079	50	50	魔龙教主	0	1	30
D2079	50	50	暗之魔龙教主	0	1	30
;━━━━━━━━━━━━━━━━━━━━━━━━━━━━━━━━
;猪洞7层
D717	55	50	白野猪	        100	50	30
D717	55	50	邪恶毒蛇	100	50	30
D717	55	50	魔龙教主	0	1	30
D717	55	50	魔影巨人	0	1	30
D717	55	50	暗之魔龙教主	0	1	30
;━━━━━━━━━━━━━━━━━━━━━━━━━━━━━━━━
;地图名：沙巴克藏宝阁
H204	50	50	沃玛教主	140	1	15
H204	50	50	黄泉教主	100	1	15
H204	50	50	虹魔教主	100	1	15
H204	50	50	双头血魔	140	1	15
H204	50	50	双头金刚	100	1	15
H204	50	50	暗之沃玛教主	100	1	15
H204	50	50	暗之黄泉教主	100	1	15
H204	50	50	暗之虹魔教主	100	1	15
H204	50	50	暗之双头血魔	100	1	15
H204	50	50	暗之双头金刚	100	1	15
H204	50	50	暗之骷髅精灵	100	1	15
H204	50	50	祖玛卫士88	100	30	30
H204	50	50	祖玛雕像88	100	30	30
H204	50	50	祖玛弓箭手88	100	30	30
H204	50	50	魔龙力士88	100	3	20
H204	50	50	魔龙巨蛾88	100	3	20
H204	50	50	魔龙战将88	100	3	20
H204	50	50	暗之魔龙力士88	100	3	20
H204	50	50	暗之魔龙巨蛾88	100	3	20
H204	50	50	暗之魔龙战将88	100	3	20
H204	50	50	千年尸王	100	1	15
H204	50	50	魔龙教主	100	1	30
H204	50	50	魔影巨人	100	1	30
H204	50	50	暗之魔龙教主	100	1	30
;━━━━━━━━━━━━━━━━━━━━━━━━━━━━━━━━	
;地图名：幻境七层
H007	100	100	祖玛弓箭手88	100	40	10
H007	100	100	祖玛雕像88	100	40	10
H007	100	100	祖玛卫士88	100	40	10
H007	100	100	楔蛾	        100	40	10	
H007	100	100	祖玛弓箭手88	100	20	10
H007	100	100	祖玛雕像88	100	20	10
H007	100	100	祖玛卫士88	100	50	10
H007	100	100	祖玛卫士88	100	20	10
H007	100	100	祖玛弓箭手88	100	50	10
H007	100	100	祖玛弓箭手88	100	20	10
H007	100	100	祖玛卫士88	100	50	10
H007	100	100	祖玛卫士88	100	2	10
H007	100	100	祖玛雕像88	100	20	10	
H007	101	94	祖玛教主	1	1	60
H007	139	151	魔影巨人	0	1	30
H007	118	13	魔龙教主	1	1	30
H007	118	13	暗之魔龙教主	1	1	30
;━━━━━━━━━━━━━━━━━━━━━━━━━━━━━━━━
;地图名：王者禁地
H106	75	114	魔龙刀兵88	150	3	20
H106	75	114	魔龙破甲兵88	150	3	20
H106	75	114	魔龙射手88	150	3	20
H106	75	114	暗之魔龙力士88	150	3	20
H106	75	114	暗之魔龙巨蛾88	150	3	20
H106	75	114	暗之魔龙战将88	150	3	20
H106	75	114	魔龙力士88	150	3	20
H106	75	114	魔龙巨蛾88	150	3	20
H106	75	114	魔龙战将88	150	3	20
H106	75	114	暗之双头金刚	150	1	15
H106	75	114	暗之双头血魔	150	1	15
H106	75	114	暗之黄泉教主	150	1	15
H106	75	114	暗之虹魔教主	150	1	15
H106	75	114	暗之骷髅精灵	150	1	15
H106	75	114	暗之沃玛教主	150	1	15
H106	100	100	魔影巨人	0	1	30
H106	93	99	魔龙教主	0	1	30
H106	93	99	暗之魔龙教主	0	1	30
;━━━━━━━━━━━━━━━━━━━━━━━━━━━━━━━━
;地图名：万恶之源
wane1	17	21	暗之赤月恶魔	0	1	30
wane1	19	22	暗之触龙神	8	1	30
wane1	19	22	暗之虹魔教主	8	1	15
wane1	19	22	暗之骷髅精灵	8	1	15
wane1	19	22	暗之双头金刚	8	1	15
wane1	19	22	暗之沃玛教主	8	1	15
wane1	19	22	暗之黄泉教主	8	1	15
wane1	19	22	暗之双头血魔	8	1	15
wane1	19	22	暗之牛魔王	8	1	15
wane1	19	22	暗之魔龙力士	8	3	15
wane1	19	22	暗之魔龙巨蛾	8	3	15
wane1	19	22	暗之魔龙战将	8	3	15
wane1	19	22	魔影巨人	8	1	30
wane1	19	22	魔龙教主	8	1	30
wane1	19	22	暗之魔龙教主	8	1	30
;魔龙殿
EM100	14	16	暗之魔龙战将	5	1	15
EM100	14	16	暗之魔龙力士	5	1	15
EM100	14	16	暗之魔龙巨蛾	5	1	15
EM100	14	16	魔龙战将	5	1	15
EM100	14	16	魔龙力士	5	1	15
EM100	14	16	魔龙巨蛾	5	1	15
EM100	14	16	暗之魔龙战将	5	1	15
EM100	14	16	暗之魔龙力士	5	1	15
EM100	14	16	暗之魔龙巨蛾	5	1	15
EM100	14	16	魔龙战将	5	1	15
EM100	14	16	魔龙力士	5	1	15
EM100	14	16	魔龙巨蛾	5	1	15
EM100	14	16	魔龙教主	5	1	30
EM100	14	16	魔影巨人	5	1	30
EM100	14	16	暗之魔龙教主	5	1	30
;━━━━━━━━━━━━━━━━━━━━━━━━━━━━━━━━
;地图名：玛雅神殿
Fama1	31	38	牛魔将军88	400	40	10
Fama1	31	38	牛魔侍卫88	400	40	10
Fama1	31	38	牛魔祭祀88	400	40	10
Fama1	50	50	暗之沃玛教主	400	2	10
Fama1	50	50	暗之骷髅精灵	400	2	10
Fama1	50	50	暗之双头金刚	400	2	10
Fama1	50	50	暗之黄泉教主	400	2	10
Fama1	50	50	暗之双头血魔	400	2	10
Fama1	50	50	暗之虹魔教主	400	2	10
Fama1	50	50	魔龙战将88	400	3	20
Fama1	50	50	魔龙巨蛾88	400	3	20
Fama1	50	50	魔龙力士88	400	3	20
Fama1	31	38	双头金刚	400	3	10
Fama1	31	38	双头血魔	400	3	10
Fama1	31	38	黄泉教主	400	2	10
Fama1	31	38	虹魔教主	400	2	10
Fama1	31	38	魔影巨人	400	1	30
Fama1	31	38	魔龙教主	400	1	30

Fama2	31	38	祖玛卫士88　	400	40	10
Fama2	31	38	祖玛雕像88	400	40	10
Fama2	31	38	祖玛弓箭手88	400	40	10
Fama2	31	38	牛魔王88	400	4	10
Fama2	31	38	双头金刚	400	5	15
Fama2	31	38	双头血魔	400	5	15
Fama2	31	38	黄泉教主	400	3	15
Fama2	31	38	虹魔教主	400	3	15
Fama2	31	38	魔龙力士88　	400	3	20
Fama2	31	38	魔龙巨蛾88	400	3	20
Fama2	31	38	魔龙战将88	400	3	20
Fama2	50	50	暗之魔龙力士88	400	3	20
Fama2	50	50	暗之魔龙巨蛾88	400	3	20
Fama2	50	50	暗之魔龙战将88	400	3	20
Fama2	50	50	魔龙教主	400	1	30
Fama2	50	50	魔影巨人	400	1	30

Fama3	31	38	魔龙刀兵88　	400	2	20
Fama3	31	38	魔龙射手88	400	2	20
Fama3	31	38	魔龙破甲兵88	400	2	20
Fama3	31	38	月魔蜘蛛	400	2	10
Fama3	31	38	重装使者	400	2	15
Fama3	20	31	祖玛教主	400	2	10
Fama3	31	38	赤月恶魔　	400	2	10
Fama3	31	38	地藏王		400	2	15
Fama3	31	38	牛魔王		400	2	10
Fama3	20	31	魔龙力士88	400	2	20
Fama3	20	31	魔龙巨蛾88	400	2	20
Fama3	20	31	魔龙战将88	400	2	20
Fama3	50	50	暗之魔龙力士88	400	2	20
Fama3	50	50	暗之魔龙巨蛾88	400	2	20
Fama3	50	50	暗之魔龙战将88	400	2	20
Fama3	50	50	魔龙教主	400	1	30
Fama3	20	31	魔影巨人	400	1	30
Fama3	50	50	暗之魔龙教主	400	1	30

Fama4	20	31	月魔蜘蛛	400	10	5
Fama4	20	31	重装使者	400	2	10
Fama4	20	31	地藏王		400	2	15
Fama4	20	31	牛魔王		400	2	15
Fama4	20	31	暗之魔龙力士	400	3	20
Fama4	20	31	暗之魔龙巨蛾	400	2	20
Fama4	20	31	暗之魔龙战将	400	2	10
Fama4	20	31	魔龙教主	400	1	30
Fama4	20	31	魔影巨人	400	1	30
Fama4	20	31	暗之魔龙教主	400	1	30
;━━━━━━━━━━━━━━━━━━━━━━━━━━━━━━━━
;地图名：地下皇陵
huang1	50	50	魔龙刀兵88	50	2	20
huang1	50	50	魔龙射手88	50	2	20
huang1	50	50	魔龙破甲兵88	50	2	20
huang1	50	50	魔龙破甲兵88	50	2	20
huang1	50	50	魔龙射手88	50	2	20
huang1	73	22	魔龙刀兵88	7	2	20
huang1	73	22	魔龙刀兵88	7	2	20
huang1	73	22	魔龙射手88	7	2	20
huang1	73	22	魔龙破甲兵88	7	2	20
huang1	73	22	魔龙刀兵88	7	2	20
huang1	50	50	魔龙射手88	50	2	20
huang1	50	50	魔龙破甲兵88	50	2	20
huang1	50	50	魔龙刀兵88	50	2	20
huang1	50	50	魔龙射手88	50	2	20
huang1	50	50	魔龙破甲兵88	50	2	20
huang1	50	50	魔龙教主	10	1	30
huang1	50	50	魔龙教主	10	1	30


huang2	20	20	魔龙战将88	30	3	20
huang2	20	20	魔龙力士88	30	3	20
huang2	20	20	魔龙巨蛾88	30	3	20
huang2	20	20	魔龙战将88	30	3	20
huang2	20	20	魔龙力士88	30	3	20
huang2	20	20	魔龙巨蛾88	30	3	20
huang2	20	20	魔影巨人	10	1	30
huang2	20	20	魔龙教主	10	1	30

huang3	15	15	暗之魔龙战将88	25	2	20
huang3	15	15	暗之魔龙力士88	25	2	20
huang3	15	15	魔龙教主	10	1	30
huang3	15	15	魔影巨人        10	1	30
huang3	15	15	暗之魔龙教主	10	1	30
;━━━━━━━━━━━━━━━━━━━━━━━━━━━━━━━━
65	128	59	魔龙教主	2	2	30
65	128	59	魔影巨人        2	2	30
65	128	59	暗之魔龙教主	2	2	30
;地图名：boss皇宫
;━━━━━━━━━━━━━━━━━━━━━━━━━━━━━━━
BOSSG	20	22	暗之牛魔王	50	1	20
BOSSG	20	22	地藏王	        50	1	20
BOSSG	20	22	牛魔王	        50	1	20
BOSSG	20	22	千年树妖	50	1	20
BOSSG	20	22	暗之魔龙战将88	50	2	20
BOSSG	20	22	暗之魔龙力士88	50	2	20
BOSSG	20	22	暗之魔龙巨蛾88	50	2	20
BOSSG	20	22	双头金刚88	50	1	20
BOSSG	20	22	双头血魔88	50	1	20
BOSSG	20	22	月魔蜘蛛88	50	8	15
BOSSG	20	22	触龙神	        50	5	15
BOSSG	20	22	魔龙战将88	50	1	15
BOSSG	20	22	魔龙力士88	50	1	15
BOSSG	20	22	魔龙巨蛾88	50	1	15
BOSSG	20	22	暗之双头金刚	50	1	30
BOSSG	20	22	暗之虹魔教主	50	1	30
BOSSG	20	22	暗之骷髅精灵	50	1	30
BOSSG	20	22	暗之沃玛教主	50	1	30
BOSSG	20	22	暗之双头血魔	50	1	30
BOSSG	20	22	暗之黄泉教主	50	1	30
BOSSG	20	22	魔龙教主	5	1	30
BOSSG	20	22	魔影巨人	5	1	30
BOSSG	20	22	暗之魔龙教主	5	1	30
;━━━━━━━━━━━━━━━━━━━━━━━━━━━━━━━━	
;地图名：BOSS皇宫二层
BOSS8	79	48	月魔蜘蛛	50	3	15
BOSS8	68	59	魔龙刀兵　	100	3	15
BOSS8	68	59	魔龙射手	100	3	16
BOSS8	68	59	魔龙破甲兵	100	3	14
BOSS8	79	48	触龙神     	50	5	20
BOSS8	50	70	暗之牛魔王	50	1	20
BOSS8	50	70	牛魔王   	50	1	20
BOSS8	50	70	千年树妖	50	1	20
BOSS8	50	70	暗之魔龙战将	50	2	20
BOSS8	68	59	魔龙战将	50	2	20
BOSS8	50	70	暗之魔龙力士	50	2	20
BOSS8	68	59	魔龙力士	50	2	20
BOSS8	50	70	暗之魔龙巨蛾	50	2	20
BOSS8	68	59	魔龙巨蛾	50	2	20
BOSS8	68	59	双头金刚	50	2	20
BOSS8	68	59	双头血魔	50	2	20
BOSS8	68	59	暗之双头金刚	50	1	20
BOSS8	68	59	暗之虹魔教主	50	1	20
BOSS8	68	59	暗之骷髅精灵	50	1	20
BOSS8	68	59	暗之沃玛教主	50	1	20
BOSS8	68	59	暗之双头血魔	50	1	20
BOSS8	68	59	暗之黄泉教主	50	1	20
BOSS8	68	59	黄泉教主	100	1	20
BOSS8	68	59	虹魔教主	100	1	20
BOSS8	68	59	魔影巨人	50	1	30
BOSS8	50	70	魔龙教主	50	1 	30
BOSS8	50	70	暗之魔龙教主	50	1 	30
;－－－猪洞九层－－－－－－－－－－－－－－－－－－－－－－－
zhu9	75	114	暗之双头金刚	150	1	20
zhu9	75	114	暗之双头血魔	150	1	20
zhu9	75	114	暗之黄泉教主	150	1	20
zhu9	75	114	暗之虹魔教主	150	1	20
zhu9	75	114	暗之骷髅精灵	150	1	20
zhu9	75	114	暗之沃玛教主	150	1	20
zhu9	75	114	魔龙刀兵88	150	2	20
zhu9	75	114	魔龙射手88	150	2	20
zhu9	75	114	魔龙破甲兵88	150	2	20
zhu9	75	114	暗之魔龙巨蛾88	150	2	20
zhu9	75	114	暗之魔龙力士88	150	2	20
zhu9	75	114	暗之魔龙战将88	150	2	20
zhu9	75	114	魔龙巨蛾88	150	2	20
zhu9	75	114	魔龙力士88	150	2	20
zhu9	75	114	魔龙战将88	150	2	20
zhu9	75	114	重装使者	150	1	10
zhu9	100	100	魔龙教主	2	1	30
zhu9	100	100	魔影巨人	2	1	30
zhu9	100	100	暗之魔龙教主	2	1	30
zhu9	75	114	魔龙教主	150	1	30

zhu10	75	114	双头金刚	150	1	20
zhu10	75	114	双头血魔	150	1	20
zhu10	75	114	暗之双头金刚	150	1	20
zhu10	75	114	暗之双头血魔	150	1	20
zhu10	75	114	暗之黄泉教主	150	1	20
zhu10	75	114	暗之虹魔教主	150	1	20
zhu10	75	114	暗之骷髅精灵	150	1	20
zhu10	75	114	暗之沃玛教主	150	1	20
zhu10	75	114	魔龙刀兵88	150	3	20
zhu10	75	114	魔龙射手88	150	2	20
zhu10	75	114	魔龙破甲兵88	150	2	20
zhu10	75	114	暗之魔龙巨蛾88	150	2	20
zhu10	75	114	暗之魔龙力士88	150	2	20
zhu10	75	114	暗之魔龙战将88	150	2	20
zhu10	75	114	魔龙巨蛾88	150	2	20
zhu10	75	114	魔龙力士88	150	2	20
zhu10	75	114	魔龙战将88	150	1	20
zhu10	75	114	重装使者	150	1	20
zhu10	75	114	暗之魔龙教主	150	1	30
zhu10	75	114	魔影巨人	150	2	30
zhu10	75	114	魔龙教主	150	2	30
zhu10	75	114	魔龙教主	150	1	30
zhu10	75	114	魔影巨人	150	1	30
zhu10	75	114	暗之魔龙教主	150	1	30
;英雄之路
T134B	21	20	暗之魔龙教主	        10	1	30
T134B	21	20	魔龙教主	        10	1	30
T134B	21	20	魔影巨人	        10	1	30
T134B	21	20	月魔蜘蛛	        10	2	20
T134B	21	20	月魔蜘蛛	        10	2	20
T134B	21	20	黑锷蜘蛛	        10	2	20
T134B	21	20	黑锷蜘蛛	        10	2	20
T134B	21	20	暗之魔龙战将88	        10	2	20
T134B	21	20	暗之魔龙力士88	        10	2	20
T134B	21	20	暗之魔龙巨蛾88	        10	2	20
T134B	21	20	牛魔王	                10	1	20
T134B	21	20	暗之沃玛教主	        10	1	20
T134B	21	20	暗之黄泉教主	        10	1	20

T234B	21	20	月魔蜘蛛	        10	5	15
T234B	21	20	月魔蜘蛛	        10	5	15
T234B	21	20	黑锷蜘蛛	        10	5	15
T234B	21	20	黑锷蜘蛛	        10	5	15
T234B	21	20	暗之魔龙战将88	        10	3	20
T234B	21	20	暗之魔龙力士88	        10	3	20
T234B	21	20	暗之魔龙巨蛾88	        10	3	20
T234B	21	20	牛魔王	                10	1	15
T234B	21	20	暗之牛魔王	        10	1	15
T234B	21	20	暗之虹魔教主	        10	1	15
T234B	21	20	暗之双头血魔	        10	1	20
T234B	21	20	魔龙教主	        10	1	30
T234B	21	20	魔影巨人	        10	1	30
T234B	21	20	暗之魔龙教主	        10	1	30

T334Ba	21	20	月魔蜘蛛	        10	5	15
T334Ba	21	20	月魔蜘蛛	        10	5	15
T334Ba	21	20	黑锷蜘蛛	        10	5	15
T334Ba	21	20	黑锷蜘蛛	        10	5	15
T334Ba	21	20	暗之魔龙战将88	        10	3	20
T334Ba	21	20	暗之魔龙力士88	        10	3	20
T334Ba	21	20	暗之魔龙巨蛾88	        10	3	20
T334Ba	21	20	地藏王	                10	1	20
T334Ba	21	20	暗之双头金刚	        10	1	20
T334Ba	21	20	暗之骷髅精灵	        10	1	20
T334Ba	21	20	魔龙教主	        10	1	30
T334Ba	21	20	魔影巨人	        10	1	30
T334Ba	21	20	暗之魔龙教主	        10	1	30

T334Bb	49	50	地藏王	        70	1	20
T334Bb	49	50	沃玛教主	70	1	20
T334Bb	49	50	黄泉教主	70	1	20
T334Bb	49	50	虹魔教主	70	1	20
T334Bb	49	50	双头血魔	70	1	20
T334Bb	49	50	双头金刚	70	1	20
T334Bb	49	50	暗之沃玛教主	70	1	20
T334Bb	49	50	暗之黄泉教主	70	1	20
T334Bb	49	50	暗之虹魔教主	70	1	20
T334Bb	49	50	暗之双头血魔	70	1	20
T334Bb	49	50	暗之双头金刚	70	1	20
T334Bb	49	50	暗之骷髅精灵	70	1	20
T334Bb	49	50	祖玛卫士88	70	30	15
T334Bb	49	50	祖玛雕像88	70	30	15
T334Bb	49	50	祖玛弓箭手88	70	30	15
T334Bb	50	50	暗之魔龙巨蛾88	70	3	15
T334Bb	50	50	暗之魔龙力士88	70	3	15
T334Bb	50	50	暗之魔龙战将88	70	3	15
T334Bb	50	50	魔龙巨蛾88	70	3	15
T334Bb	50	50	魔龙力士88	70	3	15
T334Bb	50	50	魔龙战将88	70	3	15
T334Bb	49	50	魔龙教主	70	1	30
T334Bb	49	50	魔影巨人	70	1	30
T334Bb	49	50	暗之魔龙教主	70	1	30
;天宫
tiangong1       131	154	触龙神	        150	15	20
tiangong1       131	154	血僵尸	        150	30	15
tiangong1       131	154	月魔蜘蛛	150	30	15
tiangong1       131	154	月魔蜘蛛	150	30	15
tiangong1       131	154	黑锷蜘蛛	150	30	15
tiangong1       131	154	黑锷蜘蛛	150	30	15
tiangong1	131	154	暗之触龙神	150	1	20
tiangong1	131	154	暗之魔龙战将	150	1	20
tiangong1	131	154	暗之魔龙力士	150	1	20
tiangong1	131	154	暗之魔龙巨蛾	150	1	20
tiangong1	131	154	魔龙战将88	150	1	20
tiangong1	131	154	魔龙力士88	150	1	20
tiangong1	131	154	魔龙巨蛾88	150	1	20
tiangong1	131	154	魔龙教主	150	1	30
tiangong1	131	154	魔影巨人	150	1	30

tiangong2       33	33	触龙神	        30	6	20
tiangong2       33	33	月魔蜘蛛	30	5	15
tiangong2       33	33	黑锷蜘蛛	30	5	15
tiangong2       33	33	黑牙蜘蛛	30	5	15
tiangong2       33	33	巨镰蜘蛛	30	5	15
tiangong2       33	33	黑牙蜘蛛	30	5	15
tiangong2       33	33	千年树妖	30	6	20
tiangong2       33	33	圣域教主	30	1	20
tiangong2	33	33	暗之触龙神	30	2	20
tiangong2	33	33	暗之魔龙战将88	30	2	20
tiangong2	33	33	暗之魔龙力士88	30	2	20
tiangong2	33	33	暗之魔龙巨蛾88	30	2	20
tiangong2	33	33	魔龙战将88	30	2	20
tiangong2	33	33	魔龙力士88	30	2	20
tiangong2	33	33	魔龙巨蛾88	30	2	20
tiangong2	33	33	魔龙教主	10	1	30
tiangong2	33	33	魔影巨人	10	1	30
tiangong2	33	33	暗之魔龙教主	10	1	30

0	665	86	弓箭守卫	0	1	1
0	672	93	弓箭守卫	0	1	1
2	417	558	弓箭守卫	0	1	1
2	416	559	弓箭守卫	0	1	1
2	423	566	弓箭守卫	0	1	1
2	424	565	弓箭守卫	0	1	1
0	340	513	弓箭守卫	0	1	1
0	341	514	弓箭守卫	0	1	1
0	367	487	弓箭守卫	0	1	1
0	368	488	弓箭守卫	0	1	1
0	318	244	弓箭守卫	0	1	1
0	300	207	弓箭守卫	0	1	1
0	310	227	弓箭守卫	0	1	1
0	313	230	弓箭守卫	0	1	1
0	309	286	弓箭守卫	0	1	1
0	329	289	弓箭守卫	0	1	1
0	355	280	弓箭守卫	0	1	1
0	362	301	弓箭守卫	0	1	1
0	374	291	弓箭守卫	0	1	1
3	325	311	弓箭守卫	0	1	1
3	348	332	弓箭守卫	0	1	1
3	296	334	弓箭守卫	0	1	1
3	302	340	弓箭守卫	0	1	1
3	305	290	弓箭守卫	0	1	1
3	288	305	弓箭守卫	0	1	1
3	302	370	弓箭守卫	0	1	1
3	335	319	弓箭守卫	0	1	1
2	510	479	弓箭守卫	0	1	1
0	567	621	弓箭守卫	0	1	1
0	600	576	弓箭守卫	0	1	1
0	662	558	弓箭守卫	0	1	1
0	320	36	弓箭守卫	0	1	1
0	327	42	弓箭守卫	0	1	1
1	566	544	弓箭守卫	0	1	1
1	555	544	弓箭守卫	0	1	1
3	273	743	弓箭守卫	0	1	1
3	274	744	弓箭守卫	0	1	1
3	512	770	弓箭守卫	0	1	1
3	519	777	弓箭守卫	0	1	1
2	292	60	弓箭守卫	0	1	1
2	298	65	弓箭守卫	0	1	1
2	552	80	弓箭守卫	0	1	1
2	560	88	弓箭守卫	0	1	1
1	46	39	弓箭守卫	0	1	1
1	52	33	弓箭守卫	0	1	1
5	136	336	弓箭守卫	0	1	1
5	131	301	弓箭守卫	0	1	1
5	140	362	弓箭守卫	0	1	1
5	169	352	弓箭守卫	0	1	1
5	164	357	弓箭守卫	0	1	1
5	122	334	弓箭守卫	0	1	1
5	143	324	弓箭守卫	0	1	1
11	43	480	弓箭守卫	0	1	1
11	49	474	弓箭守卫	0	1	1
11	353	246	弓箭守卫	0	1	1
11	357	243	弓箭守卫	0	1	1
12	327	468	弓箭守卫	0	1	1
12	320	474	弓箭守卫	0	1	1
E605	10	61	弓箭守卫	0	1	20
E605	15	68	弓箭守卫	0	1	20
D601	13	196	弓箭守卫	0	1	20
D601	7	201	弓箭守卫	0	1	20
E601	139	13	弓箭守卫	0	1	20
E601	138	12	弓箭守卫	0	1	20
D422	332	380	弓箭守卫	0	1	20
D422	328	384	弓箭守卫	0	1	20

;━━━━━━━━━━━━━━━━━━━━━━━━━━━━━━━━	
;封魔谷
1	51	165	弓箭守卫	0	1	1
1	51	172	弓箭守卫	0	1	1
4	443	184	恶魔弓箭手	0	1	1
4	443	192	恶魔弓箭手	0	1	1
4	256	231	恶魔弓箭手	0	1	1
4	251	236	恶魔弓箭手	0	1	1
4	255	230	恶魔弓箭手	0	1	1
4	250	235	恶魔弓箭手	0	1	1
4	254	229	恶魔弓箭手	0	1	1
4	249	234	恶魔弓箭手	0	1	1
4	253	228	恶魔弓箭手	0	1	1
4	248	233	恶魔弓箭手	0	1	1
4	252	227	恶魔弓箭手	0	1	1
4	247	232	恶魔弓箭手	0	1	1
4	257	186	恶魔弓箭手	0	1	1
4	253	183	恶魔弓箭手	0	1	1
4	256	187	恶魔弓箭手	0	1	1
4	252	184	恶魔弓箭手	0	1	1
4	255	188	恶魔弓箭手	0	1	1
4	251	185	恶魔弓箭手	0	1	1
4	254	189	恶魔弓箭手	0	1	1
4	250	186	恶魔弓箭手	0	1	1
4	253	190	恶魔弓箭手	0	1	1
4	249	187	恶魔弓箭手	0	1	1
4	215	193	恶魔弓箭手	0	1	1
4	219	189	恶魔弓箭手	0	1	1

;地图名：魔龙血域
66	115	156	魔龙教主	50	1	20
66	115	156	魔影巨人	50	1	20
66	115	156	暗之魔龙教主	50	1	20
;－－－恶魔殿堂－－－－－－－－－－－－－－－－－－－－－－－
EMDT	50	50	魔龙力士	50	2	20
EMDT	50	50	魔龙巨蛾	50	2	20
EMDT	50	50	魔龙战将	50	2	20
EMDT	50	50	暗之魔龙力士	50	2	20
EMDT	50	50	暗之魔龙巨蛾	50	2	20
EMDT	50	50	暗之魔龙战将	50	2	20
EMDT	50	50	暗之魔龙力士11	50	2	20
EMDT	50	50	暗之魔龙巨蛾11	50	2	20
EMDT	50	50	暗之魔龙战将11	50	2	20
EMDT	50	50	暗之魔龙力士22	50	2	20
EMDT	50	50	暗之魔龙巨蛾22	50	2	20
EMDT	50	50	暗之魔龙战将22	50	2	20
EMDT	50	50	魔龙教主	50	2	30
EMDT	50	50	魔影巨人	50	2	30
EMDT	50	50	暗之魔龙教主	50	2	30
EMDT	50	50	魔龙教主11	50	1	30
EMDT	50	50	魔影巨人11	50	1	30
EMDT	50	50	暗之魔龙教主11	50	1	30
EMDT	50	50	恶魔树妖[BOSS]	1	1	60
;－－－狼牙山谷－－－－－－－－－－－－－－－－－－－－－－－
langya1	 35	40	魔龙力士	50	2	20
langya1	 35	40	魔龙巨蛾	50	2	20
langya1	 35	40	魔龙战将	50	2	20
langya1	 35	40	暗之魔龙力士	50	2	20
langya1	 35	40	暗之魔龙巨蛾	50	2	20
langya1	 35	40	暗之魔龙战将	50	2	20
langya1	 35	40	暗之魔龙力士11	50	2	20
langya1	 35	40	暗之魔龙巨蛾11	50	2	20
langya1	 35	40	暗之魔龙战将11	50	2	20
langya1	 35	40	暗之魔龙力士22	50	2	20
langya1	 35	40	暗之魔龙巨蛾22	50	2	20
langya1	 35	40	暗之魔龙战将22	50	2	20
langya1	 35	40	魔龙教主	30	1	30
langya1	 35	40	魔影巨人	30	1	30
langya1	 35	40	暗之魔龙教主	30	1	30

langya2	 14	17	魔龙教主11	5	1	30
langya2	 14	17	魔影巨人11	5	1	30
langya2	 14	17	暗之魔龙教主11	5	1	30
langya2	 14	17	狼牙魔王[BOSS]	5	1	60
;－－－砝码古墓－－－－－－－－－－－－－－－－－－－－－－－
YMGM1	 50	50	魔龙力士	50	2	20
YMGM1	 50	50	魔龙巨蛾	50	2	20
YMGM1	 50	50	魔龙战将	50	2	20
YMGM1	 50	50	暗之魔龙力士	50	2	20
YMGM1	 50	50	暗之魔龙巨蛾	50	2	20
YMGM1	 50	50	暗之魔龙战将	50	2	20
YMGM1	 50	50	暗之魔龙力士11	50	2	20
YMGM1	 50	50	暗之魔龙巨蛾11	50	2	20
YMGM1	 50	50	暗之魔龙战将11	50	2	20
YMGM1	 50	50	暗之魔龙力士22	50	2	20
YMGM1	 50	50	暗之魔龙巨蛾22	50	2	20
YMGM1	 50	50	暗之魔龙战将22	50	2	20
YMGM1	 50	50	魔龙教主	30	2	30
YMGM1	 50	50	魔影巨人	30	2	30
YMGM1	 50	50	暗之魔龙教主	30	2	30

YMGM2	 23	26	魔龙教主11	5	1	30
YMGM2	 23	26	魔影巨人11	5	1	30
YMGM2	 23	26	暗之魔龙教主11	5	1	30
YMGM2	 23	26	古墓魔王[BOSS]	5	1	60  
;－－－赤血魔域－－－－－－－－－－－－－－－－－－－－－－－
CXUE    76      39	魔龙力士	20	2	20
CXUE    76      39	魔龙巨蛾	20	2	20
CXUE    76      39	魔龙战将	20	2	20
CXUE    76      39	暗之魔龙力士	20	2	20
CXUE    76      39	暗之魔龙巨蛾	20	2	20
CXUE    76      39	暗之魔龙战将	20	2	20
CXUE	53	29	魔龙力士	20	2	20
CXUE	53	29	魔龙巨蛾	20	2	20
CXUE	53	29	魔龙战将	20	2	20
CXUE	53	29	暗之魔龙力士11	20	2	20
CXUE	53	29	暗之魔龙巨蛾11	20	2	20
CXUE	53	29	暗之魔龙战将11	20	2	20
CXUE	23	58	魔龙力士	20	2	20
CXUE	23	58	魔龙巨蛾	20	2	20
CXUE	23	58	魔龙战将	20	2	20
CXUE	23	58	暗之魔龙力士22	20	2	20
CXUE	23	58	暗之魔龙巨蛾22	20	2	20
CXUE	23	58	暗之魔龙战将22	20	2	20
CXUE	76	66	魔龙力士	20	2	20
CXUE	76	66	魔龙巨蛾	20	2	20
CXUE	76	66	魔龙战将	20	2	20
CXUE	76	66	暗之魔龙力士	20	2	20
CXUE	76	66	暗之魔龙巨蛾	20	2	20
CXUE	76	66	暗之魔龙战将	20	2	20
CXUE	61	36	魔龙教主	30	2	30
CXUE	61	36	魔影巨人	30	2	30
CXUE	61	36	暗之魔龙教主	30	2	30
CXUE	61	36	魔龙教主11	30	1	30
CXUE	61	36	魔影巨人11	30	1	30
CXUE	61	36	暗之魔龙教主11	30	1	30
CXUE	69	75	赤血恶魔[BOSS]	1	1	60
;－－－梦幻深林－－－－－－－－－－－－－－－－－－－－－－－
menghuan1   38	37	暗之魔龙力士	50	3	20
menghuan1   38	37	暗之魔龙巨蛾	50	3	20
menghuan1   38	37	暗之魔龙战将	50	3	20
menghuan1   38	37	暗之魔龙力士11	50	3	20
menghuan1   38	37	暗之魔龙巨蛾11	50	3	20
menghuan1   38	37	暗之魔龙战将11	50	3	20
menghuan1   38	37	暗之魔龙力士22	50	3	20
menghuan1   38	37	暗之魔龙巨蛾22	50	3	20
menghuan1   38	37	暗之魔龙战将22	50	3	20
menghuan1   38	37	魔龙教主	20	3	30
menghuan1   38	37	魔影巨人	20	3	30
menghuan1   38	37	暗之魔龙教主	20	3	30


menghuan2  14	10	魔龙教主11	5	1	30
menghuan2  14	10	魔影巨人11	5	1	30
menghuan2  14	10	暗之魔龙教主11	5	1	30
menghuan2  13	17	梦幻神龙[BOSS]	1	1	60
;－－－邪恶庄园－－－－－－－－－－－－－－－－－－－－－－－
xezy   72	73	暗之魔龙力士	50	3	20
xezy   72	73	暗之魔龙巨蛾	50	3	20
xezy   72	73	暗之魔龙战将	50	3	20
xezy   72	73	暗之魔龙力士11	50	3	20
xezy   72	73	暗之魔龙巨蛾11	50	3	20
xezy   72	73	暗之魔龙战将11	50	3	20
xezy   72	73	暗之魔龙力士22	50	3	20
xezy   72	73	暗之魔龙巨蛾22	50	3	20
xezy   72	73	暗之魔龙战将22	50	3	20
xezy   65	66	魔龙教主	50	4	30
xezy   65	66	魔影巨人	50	4	30
xezy   65	66	暗之魔龙教主	50	4	30
xezy   65	66	魔龙教主11	50	1	30
xezy   65	66	魔影巨11人	50	1	30
xezy   65	66	暗之魔龙教主11	50	1	30
xezy   72	73	邪恶神龙[BOSS]	1	1	60
;－－－热血大殿－－－－－－－－－－－－－－－－－－－－－－－
GG01   40       40	暗之魔龙力士11	50	3	20
GG01   40       40	暗之魔龙巨蛾11	50	3	20
GG01   40       40	暗之魔龙战将11	50	3	20
GG01   40       40	暗之魔龙力士22	50	5	15
GG01   40       40	暗之魔龙巨蛾22	50	5	15
GG01   40       40	暗之魔龙战将22	50	5	15   
GG01   40       40	魔龙教主	50	4	30
GG01   40       40	魔影巨人	50	4	30
GG01   40       40	暗之魔龙教主	50	4	30

GG02   18	32	魔龙教主11	 10	1	30
GG02   18	32	魔影巨人11	 10	1	30
GG02   18	32	暗之魔龙教主11	 10	1	30
GG02   18	32	深海巨魔	 10     1	45
GG02   18	32	远古领主	 10     1	45
GG02   18	32	蛮荒野兽	 10     1	45
GG02   18	32	热血教皇[BOSS]	1	1	60
;━━━━死亡之路━━━━━━━━━━━━━━━━━━━━━━━━━━
wzzl1	20	20	暗之魔龙力士22	5	3	15
wzzl1	20	20	暗之魔龙战将22	5	3	15
wzzl1	20	20	暗之魔龙巨蛾22	5	3	15
wzzl1	20	20	魔影巨人11	5	1	30
wzzl1	20	20	魔龙教主11	5	1	30
wzzl1	20	20	暗之魔龙教主11	5	1	30
wzzl1	20	20	恶魔树妖[BOSS]	5	1	60


wzzl2	20	20	暗之魔龙力士22	5	3	15
wzzl2	20	20	暗之魔龙战将22	5	3	15
wzzl2	20	20	暗之魔龙巨蛾22	5	3	15
wzzl2	20	20	魔影巨人11	5	1	30
wzzl2	20	20	魔龙教主11	5	1	30
wzzl2	20	20	暗之魔龙教主11	5	1	30
wzzl2	20	20	狼牙魔王[BOSS]	5	1	60


wzzl3	20	20	暗之魔龙力士22	5	3	15
wzzl3	20	20	暗之魔龙战将22	5	3	15
wzzl3	20	20	暗之魔龙巨蛾22	5	3	15
wzzl3	20	20	魔影巨人11	5	1	30
wzzl3	20	20	魔龙教主11	5	1	30
wzzl3	20	20	暗之魔龙教主11	5	1	30
wzzl3	20	20	古墓魔王[BOSS]	5	1	60

wzzl4	20	20	魔影巨人11	  20	  2	 30
wzzl4	20	20	暗之魔龙教主11	  20	  2	 30
wzzl4	20	20	魔龙教主11	  20	  2	 30
wzzl4	20	20	深海巨魔	  20	  1	 45
wzzl4	20	20	远古领主	  20	  1	 45
wzzl4	20	20	蛮荒野兽	  20	  1	 45
wzzl4	35	36	赤血恶魔[BOSS]	  1	  1	 60
wzzl4	20	20	死亡教主[BOSS]	  1	  1	 60
;雷炎神殿
;━━━━━━━━━━━━━━━━━━━━━━━━━━━━━━━━
leiyan    50      50      巨镰蜘蛛        30      4      15
leiyan    50      50      黑牙蜘蛛        30      4      15
leiyan    50      50      蓝背蜘蛛        30      4      15
leiyan    50      50      剧毒骷髅        30      4      15
leiyan    50      50      圣殿护卫        30      4      15
leiyan    50      50      金杖蜘蛛        30      4      15
leiyan    50      50	  魔影巨人11	  30	  3	 30
leiyan    50      50	  魔龙教主11	  30	  3	 30
leiyan    50      50	  暗之魔龙教主11  30	  3	 30
leiyan    50      50	  深海巨魔	  30	  1	 45
leiyan    50      50	  蛮荒野兽	  30	  1	 45
leiyan    50      50	  远古领主	  30	  1	 45
leiyan    57      39 	  古墓魔王[BOSS]    0	  1	 60
leiyan    33      33 	  赤血恶魔[BOSS]    0	  1	 60
leiyan    41      48 	  梦幻神龙[BOSS]    0	  1	 60
leiyan    74      32 	  热血教皇[BOSS]    0	  1	 60
leiyan    51      27	  雷炎蛛王[BOSS]    0     1      60
;－－－深渊魔域－－－－－－－－－－－－－－－－－－－－－－－
shenyuan1       76      39	魔域巨蛾	20	3	15
shenyuan1       76      39	魔域蜘蛛	20	3	15
shenyuan1       76      39	魔域卫士	20	3	15
shenyuan1       76      39	魔域蜥蜴	20	3	15
shenyuan1	53	29	魔域巨蛾	20	3	15
shenyuan1	53	29	魔域蜘蛛	20	3	15
shenyuan1	53	29	魔域卫士	20	3	15
shenyuan1	53	29	魔域蜥蜴	20	3	15
shenyuan1	23	58	魔域巨蛾	20	3	15
shenyuan1	23	58	魔域蜘蛛	20	3	15
shenyuan1	23	58	魔域卫士	20	3	15
shenyuan1	23	58	魔域蜥蜴	20	3	15
shenyuan1	76	66	魔域巨蛾	20	3	15
shenyuan1	76	66	魔域蜘蛛	20	3	15
shenyuan1	76	66	魔域卫士	20	3	15
shenyuan1	76	66	魔域蜥蜴	20	3	15
shenyuan1	61      36	魔龙教主11	30	5	30
shenyuan1	61      36	魔影巨人11	30	5	30
shenyuan1	61      36	暗之魔龙教主11	30	5	30
shenyuan1	61      36	深海巨魔	30	1	45
shenyuan1	61      36	蛮荒野兽	30	1	45
shenyuan1	61      36	远古领主	30	1       45
shenyuan1	76      58	邪恶神龙[BOSS]	0	1       60
shenyuan1	69      44	赤血恶魔[BOSS]  0	1	60
shenyuan1	61      36	热血教皇[BOSS]  30	1	60
shenyuan1	61      36	古墓魔王[BOSS]  30      1	60

shenyuan2	21	24	魔龙教主11	10	1	30
shenyuan2	21	24	魔影巨人11	10	1	30
shenyuan2	21	24	暗之魔龙教主11	10	1	30
shenyuan2	21	24	极品深海巨魔	10	1	45
shenyuan2	21	24	极品蛮荒野兽	10	1	45
shenyuan2	21	24	极品远古领主	10	1       45
shenyuan2	21	24	深渊魔王[BOSS]	1	1	60
;－－－上古禁地－－－－－－－－－－－－－－－－－－－－－－－
SGJD      48      44      上古骑士        40      15      20
SGJD      48      44      上古刀客        40      15      20
SGJD      48      44      上古黄蛙        40      15      20
SGJD      48      44      上古褐蛙        40      15      20
SGJD      48      44	  魔影巨人11	  40	  5	 30
SGJD      48      44	  魔龙教主11	  40	  5	 30
SGJD      48      44	  暗之魔龙教主11  40	  5	 30
SGJD      48      44	  极品深海巨魔	  40	  1	 45
SGJD      48      44	  极品蛮荒野兽	  40	  1	 45
SGJD      48      44	  极品远古领主	  40	  1	 45
SGJD      60      59	  死亡教主[BOSS]    0     1      60
SGJD      26      61	  雷炎蛛王[BOSS]    0     1      60
SGJD      45      35	  深渊魔王[BOSS]    0     1      60
SGJD      48      44	  上古魔牛[BOSS]    0     1      60
;寒冰领地
;━━━━━━━━━━━━━━━━━━━━━━━━━━━━━━━━
hanbing    48      60      寒冰魔              30      10      20
hanbing    48      60      灭天魔              30      10      20
hanbing    48      60      五毒魔              30      10      20
hanbing    48      60      寒冰天将            30      10      20
hanbing    48      60      寒冰战将            30      10      20
hanbing    48      60      魔龙教主11          30       4      30
hanbing    48      60      魔影巨人11          30       4      30
hanbing    48      60      暗之魔龙教主11      30       4      30
hanbing    48      60      极品深海巨魔	       30       1      45
hanbing    48      60      极品蛮荒野兽	       30       1      45
hanbing    48      60      极品远古领主	       30       1      45
hanbing    36      77      死亡教主[BOSS]      0        1      60
hanbing    63      46      深渊魔王[BOSS]      0        1      60
hanbing    63      46      雷炎蛛王[BOSS]      2        1      60
hanbing    59      53      卓越恶魔	       0        1      60
hanbing    47      61      寒冰神龙[BOSS]      0        1      60
;－－－极品圣地－－－－－－－－－－－－－－－－－－－－－－－
jipin     78      60      极品护卫1       0       1      20
jipin     75      63      极品护卫2       0       1      20
jipin     72      66      极品护卫3       0       1      20
jipin     69      51      极品护卫4       0       1      20
jipin     66      54      极品护卫5       0       1      20
jipin     63      57      极品护卫6       0       1      20
jipin     66      66	  魔影巨人11	  30	  3	 30
jipin     66      66	  魔龙教主11	  30	  3	 30
jipin     66      66	  暗之魔龙教主11  30	  3	 30
jipin     66      66	  极品深海巨魔	  30	  1	 45
jipin     66      66	  极品蛮荒野兽	  30	  1	 45
jipin     66      66	  极品远古领主	  30	  1	 45
jipin     66      66	  卓越深海巨魔	  30	  1	 45
jipin     66      66	  卓越蛮荒野兽	  30	  1	 45
jipin     66      66	  卓越远古领主	  30	  1	 45
jipin     54      58	  深渊魔王[BOSS]      0        1      60
jipin     66      62	  雷炎蛛王[BOSS]      0        1      60
jipin     60      59	  死亡教主[BOSS]      2        1      60
jipin     79      48	  卓越蛛王            0        1      60
jipin     83      42	  极品神龙[BOSS]      0        1      60
;狐月深林
;━━━━━━━━━━━━━━━━━━━━━━━━━━━━━━━━
huyao1    39      30      火尾黑狐王      30      5      20
huyao1    39      30      金爪赤狐王      30      5      20
huyao1    39      30      玉面素狐王      30      5      20
huyao1    39      30      金玉凤凰        30      5      20
huyao1    39      30	  魔影巨人11	  30	  2	 30
huyao1    39      30	  魔龙教主11	  30	  2	 30
huyao1    39      30	  暗之魔龙教主11  30	  2	 30
huyao1    39      30	  卓越深海巨魔	  30	  1	 45
huyao1    39      30	  卓越蛮荒野兽	  30	  1	 45
huyao1    39      30	  卓越远古领主	  30	  1	 45
huyao1    30      36	  死亡教主[BOSS]  0       1      60
huyao1    52      36      雷炎蛛王[BOSS]  0       1      60
huyao1    40      28	  卓越恶魔	  0	  1	 60

huyao2    34      32	  卓越深海巨魔	  30	  1	 45
huyao2    34      32	  卓越蛮荒野兽	  30	  1	 45
huyao2    34      32	  卓越远古领主	  30	  1	 45
huyao2    34      53      卓越蛛王        0       1      60
huyao2    34      42      上古魔牛[BOSS]  0       1      60
huyao2    11      29      寒冰神龙[BOSS]  0       1      60
huyao2    40      17      极品神龙[BOSS]  0       1      60
huyao2    34      32      狐月天珠[BOSS]  0       1      60
;秦始皇陵
;━━━━━━━━━━━━━━━━━━━━━━━━━━━━━━━━
qing1     64      64     卓越深海巨魔	  50	  2	 45
qing1     64      64     卓越蛮荒野兽	  50	  2	 45
qing1     64      64     卓越远古领主	  50	  2	 45
qing1     37      64     雷炎蛛王[BOSS]	  50	  1	 60
qing1     61      82     上古魔牛[BOSS]	  50	  1	 60
qing1     78      72     寒冰神龙[BOSS]	  0	  1	 60
qing1     75      52     极品神龙[BOSS]	  0	  1	 60
qing1     30      19     卓越恶魔	  0	  1	 60
qing1     25      58     卓越蛛王	  0	  1	 60

qing2     16      10     护陵道尊          0      1     45
qing2     26      18     护陵法神          0      1     45
qing2     9       26     卓越金龙          0      1     60
qing2     22      13     秦始皇[BOSS]      0      1     60
;卓越之颠
;━━━━━━━━━━━━━━━━━━━━━━━━━━━━━━━━
zy1     50      50     卓越深海巨魔     50       2     45
zy1     50      50     卓越蛮荒野兽     50       2     45
zy1     50      50     卓越远古领主     50       2     45
zy1     50      50     雷炎蛛王[BOSS]   50       1     60
zy1     50      50     上古魔牛[BOSS]   50       1     60
zy1     54      52     秦始皇[BOSS]     0        1     60
zy1     65      64     寒冰神龙[BOSS]    0       1     60
zy1     37      35     极品神龙[BOSS]    0       1     60
zy1     20      80     狐月天珠[BOSS]    0       1     60
zy1     24      23     卓越冰龙          0       1     60
zy1     77      22     卓越金龙          0       1     60
zy1     81      80     卓越恶魔          0       1     60
zy1     50      50     卓越蛛王          0       1     60

zy2     15      14     卓越天下神龙      5       1     60
zy2     15      14     卓越天下魔王      5       1     60
;卓越圣地
;━━━━━━━━━━━━━━━━━━━━━━━━━━━━━━━━
zhuoyue1     50      50     卓越深海巨魔     50       2     45
zhuoyue1     50      50     卓越蛮荒野兽     50       2     45
zhuoyue1     50      50     卓越远古领主     50       2     45
zhuoyue1     50      50     雷炎蛛王[BOSS]   50       1     60
zhuoyue1     50      50     上古魔牛[BOSS]   50       1     60
zhuoyue1     21      17     寒冰神龙[BOSS]   0        1     60
zhuoyue1     83      83     极品神龙[BOSS]   0        1     60
zhuoyue1     41      60     秦始皇[BOSS]     0        1     60
zhuoyue1     50      50     卓越蛛王         50       1     60
zhuoyue1     64      64     卓越冰龙         0        1     60
zhuoyue1     40      38     卓越金龙         0        1     60
zhuoyue1     64      38     卓越恶魔         0        1     60
zhuoyue1     42      60     狐月天珠[BOSS]    0       1     60
zhuoyue1     53      53     卓越天下神龙         0        1     60
zhuoyue1     60      50     卓越天下魔王         0        1     60

zhuoyue2     14      16     卓越极品神龙      1       1     60
zhuoyue2     14      16     卓越极品魔王      5       1     60