;地宫系列/地宫老头	3	331	340	地宫老头	0	14	0	0	0	0	0
地宫系列/地宫药店	wyxy	68	87	地宫药店	0	3	0	0	0	0	0
地宫系列/地宫二层	wybg	86	82	地宫二层	0	10	0	0	0	0	0
地宫系列/地宫三层	wyxy	66	89	地宫三层	0	10	0	0	0	0	0
盟重土城/大药使者   3		358	333	大药使者	0	12	0	0	0	0	0

神墓系列/神墓2	        SM2     193     82    神墓引路人 	0	8	0	0	0	0	0
神墓系列/神墓3	        SM3	80	14	 神墓引路人     0	 8	0       0       0       0       0
神墓系列/神墓4	        SM4	39	37	 神墓引路人     0	 8	0       0       0       0       0
;神墓系列/神墓	        3	340   340	  神墓  	0	14	0	0       0       0       0
神墓系列/神墓仓库保管员  SM3      83      12  神墓仓库保管员     0       12	0	0	0       0       0
神墓系列/神墓药店       SM3      86      15  神墓药店           0       12	0	0	0       0       0

天涯系列/天涯二层传送   tyg      52      51  天涯二层传送       0       10	0	0	0       0       0
天涯系列/天涯三层传送   tyg2      27      25  天涯三层传送       0       10	0	0	0       0       0
天涯系列/天涯四层传送   tyg3      30      83  天涯四层传送       0       10	0	0	0       0       0
天涯系列/天涯五层传送   tyg4      58      11  天涯五层传送       0       10	0	0	0       0       0
天涯系列/天涯仓库保管员  tyg3      35      84  天涯仓库保管员     0       12	0	0	0       0       0
天涯系列/天涯药店       tyg3      38      88  天涯药店           0       12	0	0	0       0       0

地狱系列/地狱三层传送   dyzc2      39      39  地狱三层传送       0       10	0	0	0       0       0
地狱系列/地狱四层传送   dyzc3      84      84  地狱四层传送       0       10	0	0	0       0       0
地狱系列/地狱五层传送   dyzc4      82      84  地狱五层传送       0       10	0	0	0       0       0
地狱系列/地狱仓库保管员  dyzc3     79      75  地狱仓库保管员     0       12	0	0	0       0       0
地狱系列/地狱药店       dyzc3     83      79   地狱药店           0       12	0	0	0       0       0

华山系列/华山之颠大厅    hs2      76     18  华山之颠大厅       0       10	0	0	0       0       0


盟重土城/测试奖励领取	3	340	339	测试奖励领取	0	8	0	0	0	0	0
;盟重土城/行会争霸	3	320	336	行会争霸	0	15	0	0	0	0	0
;盟重土城/梦回唐朝	3	336	340	梦回唐朝	0	15	0	0	0	0	0
盟重土城/加官进爵	3	327	321	加官进爵	0	15	0	0	0	0	0
;盟重土城/领悟四级技能	3	314	334	技能强化师	0	15	0	0	0	0	0
;盟重土城/领奖使者	T218AA	20	23	领奖使者	0	15	0	0	0	0	0
;盟重土城/综合服务生     3       330     321     综合服务生      0       8       0       0       0      0       0
盟重土城/盟重红名村_商店	3	855	661	红名村老人	0	3	0	0	0	0	0
盟重土城/抓挂大队长	3	355	329	抓挂大队长	0	35	0	0	0	0	0
盟重土城/盟重土城_手镯店	0149	11	18	盟重手镯店	0	4	0	0	0	0	0
盟重土城/盟重土城_武器店	0159	5	9	铁匠铺老板	0	0	0	0	0	0	0
盟重土城/盟重土城_杂货铺	3	346	334	流浪汉	0	3	0	0	0	0	0
盟重土城/盟重土城_药店	3	361	335	土城药店	0	1	0	0	0	0	0
盟重土城/盟重土城_头盔店	0149	8	5	头盔店老板	0	5	0	0	0	0	0
盟重土城/盟重土城_戒指店	0158	11	16	戒指店老板	0	5	0	0	0	0	0
盟重土城/盟重土城_手镯店	0158	16	11	手镯店老板	0	6	0	0	0	0	0
盟重土城/盟重土城_项链店	0158	4	21	项链店老板	0	4	0	0	0	0	0
盟重土城/盟重土城_书店	0161	11	16	书店老板	0	2	0	0	0	0	0
盟重土城/盟重土城_服饰店	0149	23	20	张家布衣老板	0	7	0	0	0	0	0
盟重土城/盟重土城_药店	0160	5	8	罗家铺子老板	0	1	0	0	0	0	0
盟重土城/盟重土城_孤独老人	E603	31	191	孤独老人	0	9	0	0	0	0	0
盟重土城/金币回收	3	323	340	金币回收	0	0	0	0	0	0	0
盟重土城/经验回收	3	328	340	经验回收	0	0	0	0	0	0	0
盟重土城/监狱长	jianyuditu	14	14	监狱长	0	15	0	0	0	0	0
盟重土城/高级传送员	3	320     329	高级传送员	0	15	0	0	0	0	0
盟重土城/唐朝幻境	GA1	15	26	唐朝幻境	0	20	0	0	0	0	0
盟重土城/沃玛森林_特殊修理	1	314	72	铁匠	0	0	0	0	0	0	0
盟重土城/沃玛森林_药店	1	309	81	沃玛商人	0	4	0	0	0	0	0
;盟重土城/腰带靴子合成   3       308     340     腰带靴子合成    0       15      0       0       0       0       0
盟重土城/勇夺皇宫       3       345   326         勇夺皇宫      0       31      0       0       0       0       0 



沙巴克/沙巴克领奖员	xhg	21	13	沙巴克领奖员	0	27	0	0	0	0	0
沙巴克/沙巴克_肉店	3	659	301	沙巴克屠夫	0	11	1	0	0	0	0
沙巴克/沙巴克_杂货铺	3	663	304	沙巴克小贩	0	3	1	0	0	0	0
沙巴克/沙巴克_特殊修理	0151	3	19	沙巴克铁匠铺	0	0	1	0	0	0	0
沙巴克/沙巴克_武器店	0151	7	14	沙巴克武器铺	0	0	1	0	0	0	0
沙巴克/沙巴克_武器升级	0151	12	10	炼武器老板	0	0	1	0	0	0	0
沙巴克/沙巴克_炼药店	0153	7	14	毒药老板	0	9	1	0	0	0	0
沙巴克/沙巴克_药店	0153	14	7	沙巴克药店	0	1	1	0	0	0	0
沙巴克/沙巴克_手镯店	0154	15	8	沙巴克手镯店	0	6	1	0	0	0	0
沙巴克/沙巴克_项链店	0154	4	19	沙巴克项链店	0	6	1	0	0	0	0
沙巴克/沙巴克_戒指店	0154	10	15	沙巴克戒指店	0	5	1	0	0	0	0
沙巴克/沙巴克_服饰店	0155	13	7	沙巴克布衣店	0	7	1	0	0	0	0
沙巴克/沙巴克_头盔店	0155	9	11	沙巴克头盔店	0	5	1	0	0	0	0

仓库NPC/比奇城_仓库	0	301	257	比奇保管员	0	6	0	0	0	0	0
仓库NPC/比奇城_仓库	0125	8	6	麦家铺子	0	9	0	0	0	0	0
仓库NPC/比奇城_商人	0126	10	10	比奇商人	0	9	0	0	0	0	0
仓库NPC/银杏新人村_仓库	0	621	642	廖家店老板	0	6	0	0	0	0	0
仓库NPC/比奇新人村_仓库	0140	8	9	新人村保管员	0	9	0	0	0	0	0
仓库NPC/盟重土城_仓库	3	305	373	悦来客栈老板	0	6	0	0	0	0	0
仓库NPC/盟重土城_仓库	0145	9	12	仓库保管员	0	9	0	0	0	0	0
仓库NPC/盟重土城_商人	0146	4	11	商人	0	9	0	0	0	0	0
仓库NPC/沙巴克_仓库	0152	7	12	沙巴克仓库	0	6	1	0	0	0	0
仓库NPC/沙巴克_商人	0152	4	15	沙巴克商人	0	9	1	0	0	0	0
仓库NPC/白日门_仓库	11	184	297	白日门保管员	0	10	0	0	0	0	0
仓库NPC/封魔谷_仓库	b347	9	10	恶魔保管员	0	10	0	0	0	0	0
仓库NPC/苍月岛_仓库	5	126	331	苍月岛保管员	0	3	0	0	0	0	0
仓库NPC/仓库管理员	H003	80	87	幻境仓库管理员	0	9	0	0	0	0	0
仓库NPC/仓库管理员	H007	160	180	仓库管理员	0	9	0	0	0	0	0

比奇省/测试奖励领取	0	326	265	测试奖励领取	0	8	0	0	0	0	0
比奇省/比奇城_肉店	0	313	271	比奇城屠夫	0	4	0	0	0	0	0
比奇省/比奇城_药店	0	324	291	夏家店老板	0	5	0	0	0	0	0
比奇省/比奇城_书店	0	325	250	比奇城书店老板	0	2	0	0	0	0	0
比奇省/比奇城_杂货铺	0	378	298	杂货铺老板	0	3	0	0	0	0	0
比奇省/比奇城_特殊修理	0	302	219	特殊修理	0	0	0	0	0	0	0
比奇省/比奇城_武器店	0103	19	18	卫家店老板	0	1	0	0	0	0	0
比奇省/比奇城_戒指店	0105	18	6	比奇戒指店	0	4	0	0	0	0	0
比奇省/比奇城_手镯店	0105	12	12	比奇手镯店	0	5	0	0	0	0	0
比奇省/比奇城_项链店	0105	6	18	比奇项链店	0	6	0	0	0	0	0
比奇省/比奇城_服饰店	0106	19	6	安家布衣	0	7	0	0	0	0	0
比奇省/比奇城_炼药店	0109	4	8	杳水店老板	0	9	0	0	0	0	0
比奇省/比奇城_书店	0104	5	8	陈家铺子老板	0	2	0	0	0	0	0
比奇省/比奇城_药店	0108	7	7	赖家店老板	0	1	0	0	0	0	0
;比奇省/会员办理大使	0	334	262	会员办理大使	0	8	0	0	0	0	0

;比奇省/新人接待员	0	649	625	新人接待员	0	13	0	0	0	0	0
;比奇省/新人接待员	0	292	616	新人接待员	0	13	0	0	0	0	0
;比奇省/新人接待员	0	329     264  	新人接待员	0	13	0	0	0	0	0

银杏小村/银杏新人村_肉店	0	649	591	新人村屠夫	0	11	0	0	0	0	0
银杏小村/银杏新人村_杂货铺	0	643	611	陈家铺老板	0	3	0	0	0	0	0
银杏小村/银杏新人村_武器店	0	649	602	精武馆老板	0	0	0	0	0	0	0
银杏小村/银杏新人村_服饰店	0	643	601	高家店老板	0	7	0	0	0	0	0
银杏小村/银杏新人村_药店	0119	10	11	许家店老板	0	1	0	0	0	0	0
银杏小村/银杏新人村_炼药店	0119	14	14	药房小店老板	0	9	0	0	0	0	0

新手村/比奇新人村_杂货铺	0	291	610	边界村小店老板	0	1	0	0	0	0	0
新手村/比奇新人村_武器店	0	297	612	新人村铁匠铺	0	0	0	0	0	0	0
新手村/比奇新人村_肉店	0	293	603	屠夫	0	11	0	0	0	0	0
新手村/比奇新人村_服饰店	0	305	607	白家服装老板	0	7	0	0	0	0	0
新手村/比奇新人村_书店	0132	5	18	新人村书店老板	0	2	0	0	0	0	0
新手村/比奇新人村_戒指店	0141	23	23	新人村戒指店	0	4	0	0	0	0	0
新手村/比奇新人村_项链店	0141	10	10	新人村项链店	0	6	0	0	0	0	0
新手村/比奇新人村_手镯店	0141	16	16	新人村手镯店	0	5	0	0	0	0	0



毒蛇山谷/毒蛇山谷_朴铁匠	0120	7	8	朴铁匠	0	0	0	0	0	0	0
毒蛇山谷/毒蛇山谷_铁匠	2	518	492	铁匠	0	0	0	0	0	0	0
毒蛇山谷/毒蛇山谷_薄家药	0117	4	10	薄家药铺老板	0	1	0	0	0	0	0
毒蛇山谷/毒蛇山谷_药铺	2	505	497	药铺老板	0	1	0	0	0	0	0
毒蛇山谷/毒蛇山谷_罗家铺子	2	505	479	罗家铺子老板	0	3	0	0	0	0	0
毒蛇山谷/毒蛇山谷_米家服装	2	517	477	米家服装老板	0	7	0	0	0	0	0



石墓阵/石墓阵_武器店	D71650	23	27	武器店老板	0	0	0	0	0	0	0
石墓阵/石墓阵_服饰店	D71651	23	27	服饰店老板	0	7	0	0	0	0	0
石墓阵/石墓阵_药品店	D71653	23	27	药品店老板	0	3	0	0	0	0	0
石墓阵/石墓阵_首饰店	D71652	23	27	首饰店老板	0	5	0	0	0	0	0


白日门/白日门_特殊修理	11	203	321	特殊修理师傅	0	23	0	0	0	0	0
白日门/白日门_武器店	1001	14	12	白日门武器店	0	15	0	0	0	0	0
白日门/白日门_书店	1004	9	11	白日门书店	0	18	0	0	0	0	0
白日门/白日门_首饰店	1005	9	11	白日门首饰店	0	20	0	0	0	0	0
白日门/白日门_药店	1006	9	10	白日门药店	0	25	0	0	0	0	0
白日门/白日门_炼药店	1006	12	7	白日门药剂师	0	22	0	0	0	0	0
白日门/白日门_杂货铺	1007	11	15	白日门杂货店	0	17	0	0	0	0	0
白日门/白日门_天尊	1002	14	13	天尊	0	14	0	0	0	0	0
白日门/白日门_服饰店	1003	13	16	服装店打杂	0	23	0	0	0	0	0

封魔谷/封魔谷_沃玛教主	b341	17	22	沃玛教主	0	15	0	0	0	0	0
封魔谷/封魔谷_肉店	4	243	187	恶魔屠夫	0	11	0	0	0	0	0
封魔谷/封魔谷_特殊修理	4	227	223	恶魔铁匠	0	15	0	0	0	0	0
封魔谷/封魔谷_武器店	b342	14	7	恶魔铁匠铺老板	0	15	0	0	0	0	0
封魔谷/封魔谷_炼药店	b343	13	10	恶魔炼药者	0	22	0	0	0	0	0
封魔谷/封魔谷_药店	b343	9	13	恶魔老中医	0	25	0	0	0	0	0
封魔谷/封魔谷_书店	b343	5	18	恶魔学者	0	18	0	0	0	0	0
封魔谷/封魔谷_首饰店	b344	13	10	恶魔首饰店老板	0	20	0	0	0	0	0
封魔谷/封魔谷_服饰店	b345	12	10	恶魔布庄老板	0	23	0	0	0	0	0
封魔谷/封魔谷_杂货铺	4	255	224	恶魔杂货匠	0	17	0	0	0	0	0
封魔谷/封魔谷_修理师	D2008	31	24	恶魔修理师	0	0	0	0	0	0	0


苍月岛/苍月岛_杂货铺	5	137	313	苍月岛杂货店	0	3	0	0	0	0	0
苍月岛/苍月岛_特殊修理	5	111	314	特殊修理员	0	1	0	0	0	0	0
苍月岛/苍月岛_武器店	5	127	306	武器管理员	0	0	0	0	0	0	0
苍月岛/苍月岛_首饰店	5	155	339	饰品铺老板	0	4	0	0	0	0	0
苍月岛/苍月岛_服饰店	5	147	328	布料铺管家	0	7	0	0	0	0	0
苍月岛/苍月岛_药店	5	148	352	苍月岛老中医	0	9	0	0	0	0	0
苍月岛/苍月岛_书店	5	155	298	流浪学者	0	2	0	0	0	0	0
苍月岛/苍月岛_药剂师	5	161	316	苍月药剂师	0	9	0	0	0	0	0
;苍月岛/苍月岛_盔甲神器	5	138	330	盔甲神器	0	15	0	0	0	0	0
;苍月岛/苍月岛_神兵利器	5	141	330	神兵利器	0	15	0	0	0	0	0

老兵/盟重老兵	3	325	324	土城老兵	0	1	0	0	0	0	0
老兵/比奇老兵	0	332	267	比奇老兵	0	1	0	0	0	0	0
老兵/白日老兵	11	180	321	老兵	0	1	0	0	0	0	0
老兵/苍月老兵	5	142	334	苍月老兵	0	1	0	0	0	0	0
老兵/封魔老兵	4	240	199	恶魔老兵	0	9	0	0	0	0	0
老兵/毒蛇老兵	2	503	483	毒蛇山谷传送员	0	12	0	0	0	0	0
;老兵/盟重传送员	3	339	333	盟重传送员	0	8	0	0	0	0	0

幻境/幻境小贩	H003	89	79	幻境小贩	0	3	0	0	0	0	0
幻境/幻境小贩	H007	170	170	幻境商店	0	3	0	0	0	0	0





影之道/影之道_幻境小贩	H203	21	17	影之道幻境小贩	0	3	0	0	0	0	0
影之道/影之道_仓库保管员	H203	18	20	影之道保管员	0	9	0	0	0	0	0
影之道/影之道_神秘老人	H204	54	52	神秘老人三	0	9	0	0	0	0	0
影之道/影之道_沙巴克密使	H201	20	96	沙巴克密使	0	12	0	0	0	0	0
影之道/幻境_沙巴克密使	H007	55	75	沙巴克密使	0	12	0	0	0	0	0
影之道/影之道_神秘老人	xhg	16	21	神秘老人	0	12	0	0	0	0	0



盟重土城/总镖头 yabiao1 23 20  总镖头 15   0	0	0	0	0
盟重土城/龙威镖局 yabiao 82 81 龙威镖局 15 0    0	0	0	0

猪八引路者    D719   83 25   猪八引路者15  0    0       0        0      0      0       
强化大师	3	334 321	强化大师	0	15	0	0	0	0	0
;根本停不下来  3   332 340  根本停不下来	0	8	0	0	0	0	0
赞助大使 3 332 340 赞助大使 3 12 0 0 0 0 0
升级奖励 3 336 340 升级奖励 3 12 0 0 0 0 0
宝宝公告 3 320 323 宝宝公告 3 49 0 0 0 0 0
宝宝公告 0 332 275 宝宝公告 3 49 0 0 0 0 0
盟重土城/龙威镖局 3 330 321 龙威镖局 15 0 0 0 0 0 0
元宝充值管理 3 343 338 元宝充值管理 3 12 0 0 0 0 0
元宝充值管理 0 327 269 元宝充值管理 3 12 0 0 0 0 0
