炼金师/炼金师		0	322	261	炼金师		0	3	0	0	0	0	0
炼金师/炼金师		3	320	334	炼金师		0	3	0	0	0	0	0
;功能活动/历练特使		0	322	269	历练特使        0	18	0	0	0	0	0
;功能活动/历练特使		3	320	328	历练特使        0	18	0	0	0	0	0
功能活动/激情PK			3	345	326	激情PK	0	26	1	0	0	0	0
功能活动/激情PK			0	337	256	激情PK	0	26	1	0	0	0	0
武器锻造师	0	340	272	武器锻造	0	12	0	0	0	0	0
武器锻造师	3	330	321	武器锻造	0	12	0	0	0	0	0
首饰合成	3	322	321	首饰合成	0	12	0	0	0	0	0
装备淬炼	3	324	321	首饰淬炼	0	12	0	0	0	0	0
神秘合成	3	326	321	神秘合成	0	12	0	0	0	0	0	
神秘贱商	3	328	321	神秘贱商	0	12	0	0	0	0	0	
新手村/新人村_药店	0119	10	11	许家店	0	1	1	0	0	0	0
新手村/新人村_毒药	0119	14	14	药房小老板	0	9	1	0	0	0	0
新手村/新人村_杂货	0	643	611	陈家铺老板	0	3	1	0	0	0	0
新手村/新人村_武器	0	649	602	精武馆老板	0	0	1	0	0	0	0
新手村/新人村_衣服	0	643	601	高家店老板	0	7	1	0	0	0	0
新手村/新人村_屠夫	0	649	591	屠夫	0	11	1	0	0	0	0
新手村/新人村_屠夫	0	621	642	廖家店老板	0	6	1	0	0	0	0
比奇城/比奇村_杂货	0	291	610	边界村小店老板	0	1	1	0	0	0	0
比奇城/比奇村_红名	0	298	622	红名使者	0	15	1	0	0	0	0
比奇城/比奇村_武器	0	297	612	铁匠铺老板	0	0	1	0	0	0	0
比奇城/比奇村_屠夫	0	293	603	屠夫	0	11	1	0	0	0	0
比奇城/比奇村_衣服	0	305	607	白家服装老板	0	7	1	0	0	0	0
比奇城/比奇村_书店	0132	5	18	书店老板	0	2	1	0	0	0	0
比奇城/比奇村_仓库	0140	8	9	仓库保管员	0	9	1	0	0	0	0
比奇城/比奇村_戒指	0141	23	23	戒指店老板	0	4	1	0	0	0	0
比奇城/比奇村_手镯	0141	16	16	手镯店老板	0	5	1	0	0	0	0
比奇城/比奇村_项链	0141	10	10	项链店老板	0	6	1	0	0	0	0
比奇城/比奇城_武器	0103	19	18	卫家店	0	1	1	0	0	0	0
比奇城/比奇城_铁匠	0	302	219	铁匠铺老板	0	0	1	0	0	0	0
比奇城/比奇城_衣服	0106	19	6	安家布衣	0	7	1	0	0	0	0
比奇城/比奇城_药店	0108	7	7	赖家店老板	0	1	1	0	0	0	0
比奇城/比奇城_药店	0	324	291	夏家店老板	0	5	1	0	0	0	0
比奇城/比奇城_毒药	0109	4	8	杳水店老板	0	9	1	0	0	0	0
比奇城/比奇城_书店	0104	5	8	陈家铺子老板	0	2	1	0	0	0	0
比奇城/比奇城_书店	0	325	250	书店老板	0	2	1	0	0	0	0
比奇城/比奇城_仓库	0125	8	6	麦家铺子	0	9	1	0	0	0	0
比奇城/比奇城_仓库	0	301	257	仓库保管员	0	6	1	0	0	0	0
比奇城/比奇城_杂货	0	378	298	杂货铺老板	0	3	1	0	0	0	0
比奇城/比奇城_戒指	0105	18	6	戒指店老板	0	4	1	0	0	0	0
比奇城/比奇城_手镯	0105	12	12	手镯店老板	0	5	1	0	0	0	0
比奇城/比奇城_项链	0105	6	18	项链店老板	0	6	1	0	0	0	0
比奇城/比奇城_屠夫	0	312	271	屠夫	0	11	1	0	0	0	0
比奇城/比奇城_老兵	0	331	270	比奇老兵	0	1	1	0	0	0	0
比奇城/海兵	0	107	415	海岛老兵	0	1	1	0	0	0	0
比奇城/洞穴_商贩	DM001	4	6	商贩	0	9	1	0	0	0	0
比奇城/洞穴_小贩	DM011	4	6	商贩	0	9	1	0	0	0	0

毒蛇谷/毒蛇谷_铁匠	0120	7	8	朴铁匠	0	0	1	0	0	0	0
毒蛇谷/毒蛇谷_铁匠	2	518	492	铁匠	0	0	1	0	0	0	0
毒蛇谷/毒蛇谷_药铺	0117	4	10	薄家药铺老板	0	1	1	0	0	0	0
毒蛇谷/毒蛇谷_药铺	2	505	497	药铺老板	0	1	1	0	0	0	0
毒蛇谷/毒蛇谷_杂货	2	505	479	罗家铺子老板	0	3	1	0	0	0	0
毒蛇谷/毒蛇谷_衣服	2	517	477	米家服装老板	0	7	1	0	0	0	0
毒蛇谷/毒蛇谷_仓库	2	517	466	仓库保管员	0	5	1	0	0	0	0
盟重省/红名村_老人	3	855	661	老人	0	3	1	0	0	0	0
白日门/白日门_大使	T1343	6	34	白日门大使	0	15	1	0	0	0	0
白日门/白日门_武器	1001	14	12	武器店老板	0	15	1	0	0	0	0
白日门/白日门_杂货	1007	11	14	杂货店老板	0	17	1	0	0	0	0
白日门/白日门_首饰	1005	9	11	首饰店老板	0	20	1	0	0	0	0
白日门/白日门_服装	1003	13	16	服装店老板	0	23	1	0	0	0	0
白日门/白日门_毒药	1006	9	10	药店老板	0	22	1	0	0	0	0
白日门/白日门_药店	1006	12	7	药剂师	0	25	1	0	0	0	0
白日门/白日门_书店	1004	9	11	书店老板	0	18	1	0	0	0	0
白日门/白日门_仓库	11	184	296	仓库保管员	0	6	1	0	0	0	0
白日门/白日门_向导	11	186	298	白日门向导	0	15	1	0	0	0	0
白日门/白日门_勇士	D1004	67	230	白日门勇士	0	15	1	0	0	0	0
封魔谷/封魔谷_教主	b341	17	22	沃玛教主	0	16	1	0	0	0	0
封魔谷/封魔谷_老兵	4	240	199	恶魔老兵	0	1	1	0	0	0	0
封魔谷/封魔谷_杂货	4	255	224	恶魔杂货匠	0	17	1	0	0	0	0
封魔谷/封魔谷_屠夫	4	243	187	恶魔屠夫	0	11	1	0	0	0	0
封魔谷/封魔谷_铁匠	4	227	223	恶魔铁匠	0	0	1	0	0	0	0
封魔谷/封魔谷_首饰	b344	13	10	恶魔首饰店老板	0	7	1	0	0	0	0
封魔谷/封魔谷_保管	b347	9	10	恶魔保管员	0	6	1	0	0	0	0
封魔谷/封魔谷_衣服	b345	12	10	恶魔布店老板	0	7	1	0	0	0	0
封魔谷/封魔谷_学者	b343	5	18	恶魔学者	0	2	1	0	0	0	0
封魔谷/封魔谷_练药	b343	15	9	恶魔炼药师	0	9	1	0	0	0	0
封魔谷/封魔谷_药店	b343	9	13	恶魔药剂师	0	4	1	0	0	0	0
封魔谷/封魔谷_铁匠	b342	14	7	恶魔铁匠铺老板	0	0	1	0	0	0	0
封魔谷/封魔谷_老人	4	262	246	恶魔老人	0	9	1	0	0	0	0
封魔谷/封魔谷_修理	d2008	31	24	恶魔修理师	0	0	1	0	0	0	0
封魔谷/封魔谷_月老	M101	29	32	月老	0	14	1	0	0	0	0
盟重省/盟重省_仓库	0145	9	12	仓库保管员	0	9	1	0	0	0	0
盟重省/盟重省_仓库	3	305	373	悦来客栈老板	0	6	1	0	0	0	0
盟重省/盟重省_衣服	0149	23	20	张家布衣老板	0	7	1	0	0	0	0
盟重省/盟重省_手套	0149	11	18	手套店老板	0	4	1	0	0	0	0
盟重省/盟重省_头盔	0149	8	5	老张头盔店	0	5	1	0	0	0	0
盟重省/盟重省_武器	0159	5	9	铁匠铺老板	0	0	1	0	0	0	0
盟重省/盟重省_药店	0160	5	8	罗家铺子老板	0	1	1	0	0	0	0
盟重省/盟重省_戒指	0158	11	16	戒指店老板	0	5	1	0	0	0	0
盟重省/盟重省_手镯	0158	16	11	手镯店老板	0	6	1	0	0	0	0
盟重省/盟重省_项链	0158	4	21	项链店老板	0	4	1	0	0	0	0
盟重省/盟重省_流浪	3	346	334	流浪汉	0	3	1	0	0	0	0
盟重省/盟重省_屠夫	3	355	329	屠夫	0	11	1	0	0	0	0
盟重省/盟重省_药店	3	361	335	药店老板	0	1	1	0	0	0	0
盟重省/盟重省_书店	0161	11	16	书店老板	0	2	1	0	0	0	0
盟重省/盟重省_小姐	0148	10	9	林小姐	0	13	1	0	0	0	0
盟重省/盟重省_商人	0126	10	10	商人	0	9	1	0	0	0	0
盟重省/盟重省_商人	0152	4	15	商人	0	9	1	0	0	0	0
盟重省/盟重省_商人	0146	4	11	商人	0	9	1	0	0	0	0
盟重省/盟重老兵	3	325	325	盟重老兵	0	1	1	0	0	0	0
盟重省/盟重省_彩票	3	284	343	彩票员	0	3	1	0	0	0	0
盟重省/盟重省_彩票	0	298	317	彩票员	0	3	1	0	0	0	0
盟重省/盟重省_老人	E603	31	191	神秘老人	0	1	1	0	0	0	0
沙巴克/沙巴克_屠夫	3	659	301	屠夫	0	1	1	0	0	0	0
沙巴克/沙巴克_杂货	3	663	304	小贩	0	3	1	0	0	0	0
沙巴克/沙巴克_铁匠	0151	3	19	铁匠铺老板	0	0	1	0	0	0	0
沙巴克/沙巴克_武器	0151	7	14	武器铺老板	0	0	1	0	0	0	0
沙巴克/沙巴克_衣服	0155	13	7	布衣店老板	0	7	1	0	0	0	0
沙巴克/沙巴克_头盔	0155	9	11	头盔店老板	0	5	1	0	0	0	0
沙巴克/沙巴克_练药	0153	7	14	炼药老板	0	9	1	0	0	0	0
沙巴克/沙巴克_药店	0153	14	7	药店	0	1	1	0	0	0	0
沙巴克/沙巴克_仓库	0152	7	12	仓库管理员	0	6	1	0	0	0	0
沙巴克/沙巴克_手镯	0154	14	7	手镯店老板	0	6	1	0	0	0	0
沙巴克/沙巴克_项链	0154	3	18	项链店老板	0	6	1	0	0	0	0
沙巴克/沙巴克_戒指	0154	10	15	戒指店老板	0	5	1	0	0	0	0
盟重省/石墓阵_武器	D71650	23	27	武器店老板	0	0	0	0	0	0	0
盟重省/石墓阵_衣服	D71651	23	27	服装店老板	0	7	0	0	0	0	0
盟重省/石墓阵_药店	D71653	23	27	药品店老板	0	3	0	0	0	0	0
盟重省/石墓阵_首饰	D71652	23	27	首饰店老板	0	5	0	0	0	0	0
苍月岛/苍月岛_杂货	5	137	313	杂货铺老板	0	3	1	0	0	0	0
苍月岛/苍月岛_书店	5	155	298	书店老板	0	2	1	0	0	0	0
苍月岛/苍月岛_武器	5	127	306	武器店老板	0	1	1	0	0	0	0
苍月岛/苍月岛_首饰	5	155	339	首饰店老板	0	5	1	0	0	0	0
苍月岛/苍月岛_衣服	5	147	328	服装店老板	0	7	1	0	0	0	0
苍月岛/苍月岛_保管	5	126	331	仓库保管员	0	6	1	0	0	0	0
苍月岛/苍月岛_药店	5	148	352	药铺老板	0	1	1	0	0	0	0
盟重省/蚣洞_衣服	D608	30	22	服装小贩	0	3	1	0	0	0	0
盟重省/桃源门_老人	R001	21	83	神秘老人	0	9	1	0	0	0	0
;盟重省/桃源门_技师	R001	53	115	合成师	0	15	1	0	0	0	0
比奇城/药品小贩	D5063	62	36	药品小贩	0	1	1	0	0	0	0
比奇城/沃玛森林_铁匠	1	314	72	铁匠	0	0	1	0	0	0	0
比奇城/沃玛森林_商人	1	309	81	沃玛商人	0	4	1	0	0	0	0
沙巴克/沙巴克_升级	0151	12	10	炼武器老板	0	0	0	0	0	0	0


幻境NPC/幻境_幻境小贩	H003	89	79	幻境小贩	0	3	0	0	0	0	0
幻境NPC/幻境_仓库管理员	H003	80	87	幻境三层仓库	0	9	0	0	0	0	0
幻境NPC/幻境_幻境小贩	H007	170	170	幻境小贩	0	3	0	0	0	0	0
幻境NPC/幻境_仓库管理员	H007	160	180	幻境七层仓库	0	9	0	0	0	0	0
幻境NPC/幻境_幻境向导	H003	83	83	幻境向导	0	15	0	0	0	0	0
幻境NPC/幻境_沙巴克密使	H007	55	75	幻境沙巴克密使	0	12	1	0	0	0	0
幻境NPC/幻境_幻境向导	H010	370	376	幻境幻境向导	0	15	0	0	0	0	0
幻境NPC/幻境_升级师	H008	28	21	幻境升级师	0	15	0	0	0	0	0

功能NPC/充值返还	0	322	256	充值返还	0	5	1	0	0	0	0
功能NPC/激情争霸  3	345	326	激情PK   	0	29	0	0	0	0	0
功能NPC/激情争霸  0	337	256	激情PK   	0	29	0	0	0	0	0
;功能NPC/合成	  0 	340	268	合成师	0	0	1	0	0	0	0
;功能NPC/合成	  3 	326	321	合成师	0	0	1	0	0	0	0
;功能NPC/高级回收	GAO	336	321	神秘贱商	0	5	0	0	0	0	0
;功能NPC/高级回收	0	330	275	神秘贱商	0	5	0	0	0	0	0
功能NPC/祝福神殿	3	329	340	神之祝福	0	8	0	0	0	0	0
功能NPC/奖励颁发使者	3	338	325	奖励颁发使者	0	8	0	0	0	0	0
;功能NPC/回收	3	334	321	装备回收	0	5	0	0	0	0	0
;功能NPC/回收	0	326	275	装备回收	0	5	0	0	0	0	0
功能NPC/英雄管理	3	338	322	英雄管理	0	31	0	0	0	0	0
功能NPC/英雄管理	0	331	259	领取英雄	0	31	0	0	0	0	0
功能NPC/英雄技能	0	340	262	英雄技能	0	8	1	0	0	0	0
功能NPC/测试奖励	0	325	256	测试奖励员	0	8	0	0	0	0	0
功能NPC/新技能		3	342	322	新技能兑换	0	20	0	0	0	0	0
功能NPC/新技能		0	340	265	新技能兑换	0	20	0	0	0	0	0
;功能NPC/聚灵道人	0	322	265	聚灵道人	0       14	0	0	0	0	0
;功能NPC/聚灵道人	3	328	340	聚灵道人	0       14	0	0	0	0	0
功能NPC/离线摆摊	0	337	278	离线摆摊	0       17	0	0	0	0	0
功能NPC/离线摆摊	0	329	264	离线摆摊	0       17	0	0	0	0	0
功能NPC/离线摆摊	0	318	274	离线摆摊	0       17	0	0	0	0	0
功能NPC/离线摆摊	3	330	332	离线摆摊	0       17	0	0	0	0	0
功能NPC/升级介绍	0	329	256	升级介绍	0	27	0	0	0	0	0
功能NPC/金币换元宝	3	342	328	元宝兑换金币	0	27	0	0	0	0	0
功能NPC/金币换元宝	0	329	266	元宝兑换金币	0	27	0	0	0	0	0
功能NPC/镇魔守将	0	333	256	镇魔守将	3	31	0	0	0	0	0
功能NPC/镇魔守将	3	322	340	镇魔守将	3	31	0	0	0	0	0
功能NPC/二级密码设置        0        326        265       设置密码(防盗)        0        35   0   0   0   3   1000   0
功能NPC/密码验证   mima  15   14   密码验证 	0	35	0
