
比奇城/武馆教头		0137	21	11	比奇武馆教头	0	15	1
比奇城/比奇屠夫		0102	9	7	比奇屠夫	0	11	1
比奇城/比奇城屠夫	0	313	271	比奇城屠夫	0	4	1
比奇城/比奇卫家店	0103	19	18	比奇卫家店	0	1	1
比奇城/比奇安家布衣	0106	19	6	比奇安家布衣	0	7	1
比奇城/比奇老兵		0	331	270	比奇老兵	0	1	1
比奇城/比奇赖家店老板	0108	7	7	比奇赖家店老板	0	1	1
比奇城/比奇夏家店老板	0	324	291	比奇夏家店老板	0	5	1
比奇城/比奇杳水店老板	0109	4	8	比奇杳水店老板	0	9	1
比奇城/陈家铺子老板	0104	5	8	陈家铺子老板	0	2	1
比奇城/比奇书店老板	0	325	250	比奇书店老板	0	2	1
比奇城/比奇麦家铺子	0125	8	6	比奇麦家铺子	0	9	1
比奇城/比奇仓库保管员	0	301	257	比奇仓库保管员	0	12	1
比奇城/比奇杂货铺老板	0	378	298	比奇杂货铺老板	0	3	1
比奇城/比奇戒指店老板	0105	18	6	比奇戒指店老板	0	4	1
比奇城/比奇手镯店老板	0105	12	12	比奇手镯店老板	0	5	1
比奇城/比奇项链店老板	0105	6	18	比奇项链店老板	0	6	1
比奇城/助理小敏		0	335	270	助理小敏(拜师)	0	5	1
;--------------------------------------------------------------------------------

赌博/抢庄赌博		3	338	323	公平俱乐部	0	13	0
;--------------------------------------------------------------------------------
毒蛇山谷/朴铁匠		0120	7	8	朴铁匠		0	0	1
毒蛇山谷/铁匠		2	518	492	铁匠		0	0	1
毒蛇山谷/薄家药铺老板	0117	4	10	薄家药铺老板	0	1	1
毒蛇山谷/药铺老板	2	505	497	药铺老板	0	1	1
毒蛇山谷/罗家铺子老板	2	505	479	罗家铺子老板	0	3	1
毒蛇山谷/米家服装老板	2	517	477	米家服装老板	0	7	1
毒蛇山谷/山谷仓库保管员	2	517	466	山谷仓库保管员	0	12	1
;--------------------------------------------------------------------------------
盟重土城/盟重仓库保管员	0145	9	12	盟重仓库保管员	0	12	1
盟重土城/悦来客栈老板	3	305	373	悦来客栈老板	0	12	1
盟重土城/张家布衣老板	0149	23	20	张家布衣老板	0	7	1
盟重土城/盟重手套店老板	0149	11	18	盟重手套店老板	0	4	1
盟重土城/盟重老张头盔店	0149	8	5	盟重老张头盔店	0	5	1
盟重土城/盟重铁匠铺老板	0159	5	9	盟重铁匠铺老板	0	0	1
盟重土城/罗家铺子老板	0160	5	8	罗家铺子老板	0	1	1
盟重土城/盟重戒指店老板	0158	11	16	盟重戒指店老板	0	5	1
盟重土城/盟重手镯店老板	0158	16	11	盟重手镯店老板	0	6	1
盟重土城/盟重项链店老板	0158	4	21	盟重项链店老板	0	4	1
盟重土城/盟重流浪汉	3	346	334	盟重流浪汉	0	3	1
盟重土城/盟重屠夫	3	355	329	盟重屠夫	0	11	1
盟重土城/盟重药店老板	3	361	335	盟重药店老板	0	1	1
盟重土城/盟重书店老板	0161	11	16	盟重书店老板	0	2	1
盟重土城/盟重彩票员	3	284	343	盟重彩票员	0	3	1
盟重土城/盟重老兵	3	325	324	盟重老兵	0	1	1
盟重土城/玫瑰勋章    	3	334 	323  	玫瑰仙子	0   	12  	0
盟重土城/铸造		0159	9	13	武器铸造师	0	27	0
;--------------------------------------------------------------------------------
沙巴克/屠夫		3	659	301	屠夫		0	1	0
沙巴克/沙巴克铁匠铺	0151	3	19	沙巴克铁匠铺	0	0	1
沙巴克/沙巴克武器铺	0151	7	14	沙巴克武器铺	0	0	1
沙巴克/沙巴克布衣店	0155	13	7	沙巴克布衣店	0	7	1
沙巴克/沙巴克头盔店	0155	9	11	沙巴克头盔店	0	5	1
沙巴克/沙巴克炼药老板	0153	7	14	沙巴克炼药老板	0	9	1
沙巴克/沙巴克药店	0153	14	7	沙巴克药店	0	1	1
沙巴克/沙巴克仓库	0152	7	12	沙巴克仓库	0	12	1
沙巴克/沙巴克小贩	3	663	304	沙巴克小贩	0	3	1
沙巴克/沙巴克手镯店	0154	14	7	沙巴克手镯店	0	6	1
沙巴克/沙巴克项链店	0154	3	18	沙巴克项链店	0	6	1
沙巴克/沙巴克戒指店	0154	10	15	沙巴克戒指店	0	5	1
沙巴克/沙巴克炼武器	0151	12	10	沙巴克炼武器	0	0	1
;--------------------------------------------------------------------------------
白日门/白日门武器店	1001	14	12	白日门武器店	0	15	1
白日门/白日门杂货店	1007	11	14	白日门杂货店	0	17	1
白日门/白日门首饰店	1005	9	11	白日门首饰店	0	20	1
白日门/白日门服装店	1003	13	16	白日门服装店	0	23	1
白日门/白日门药店老板	1006	9	10	白日门药店老板	0	22	1
白日门/白日门药剂师	1006	12	7	白日门药剂师	0	25	1
白日门/白日门书店老板	1004	9	11	白日门书店老板	0	18	1
白日门/白日门保管员	11	184	296	白日门保管员	0	18	1
白日门/白日门向导	11	186	298	白日门向导	0	15	1
白日门/白日门天尊	1002	14	13	白日门天尊	0	14	1
白日门/白日门勇士	D1002	266	49	白日门勇士	0	15	1
白日门/白日门勇士	D1004	67	230	白日门勇士	0	15	1
;--------------------------------------------------------------------------------
封魔谷/沃玛教主		b341	17	22	沃玛教主	0	27	1
封魔谷/恶魔老兵		4	238	194	恶魔老兵	0	29	1
封魔谷/恶魔杂货匠	4	255	224	恶魔杂货匠	0	17	1
封魔谷/恶魔屠夫		4	243	187	恶魔屠夫	0	11	1
封魔谷/恶魔铁匠		4	227	223	恶魔铁匠	0	30	1
封魔谷/恶魔首饰店老板	b344	13	10	恶魔首饰店老板	0	31	1
封魔谷/恶魔保管员	b347	9	10	恶魔保管员	0	10	1
封魔谷/恶魔布店老板	b345	12	10	恶魔布店老板	0	32	1
封魔谷/恶魔学者		b343	5	18	恶魔学者	0	30	1
封魔谷/恶魔炼药师	b343	15	9	恶魔炼药师	0	22	1
封魔谷/恶魔药剂师	b343	9	13	恶魔药剂师	0	28	1
封魔谷/恶魔铁匠铺老板	b342	14	7	恶魔铁匠铺老板	0	30	1
封魔谷/恶魔修理师	d2008	31	24	恶魔修理师	0	30	1
封魔谷/红娘		M101	29	32	红娘		0	12	1
;--------------------------------------------------------------------------------
特殊1/蜈蚣洞服装小贩	D608	30	22	蜈蚣洞服装小贩	0	3	1
特殊1/祖玛阁药品小贩	D5063	63	38	祖玛阁药品小贩	0	1	1
特殊1/石墓阵武器店	D71650	23	27	石墓阵武器店	0	0	1
特殊1/石墓阵服装店	D71651	23	27	石墓阵服装店	0	7	1
特殊1/石墓阵药品店	D71653	23	27	石墓阵药品店	0	3	1
特殊1/石墓阵首饰店	D71652	23	27	石墓阵首饰店	0	5	1
特殊1/特殊商人		0126	10	10	特殊商人	0	9	1
特殊1/宫殿商人		0152	4	15	宫殿商人	0	9	1
特殊1/东方商人		0146	4	11	东方商人	0	9	1
特殊1/桃源神秘老人	R001	21	83	桃源神秘老人	0	9	1
特殊1/神秘老人		2	515	464	神秘老人	0	9	1
特殊1/踏云尊者		0113	8	8	踏云尊者	0	14	1
特殊1/论武尊		r001	100	93	论武尊		0	15	1
特殊1/点我出去		mimac	7	11	点我出去	0	31	0
特殊1/霸者后开放	d2008	27	24	霸者后开放	0	1	0
;--------------------------------------------------------------------------------
特殊2/超级武士		01141	14	9	超级武士	0	3	1
特殊2/特级武士		01142	11	10	特级武士	0	3	1
特殊2/高级道士		0113	7	5	高级道士	0	3	1
特殊2/超级道士		01132	11	10	超级道士	0	3	1
特殊2/高级魔法师	0115	5	11	高级魔法师	0	3	1
特殊2/超级魔法师	01152	11	10	超级魔法师	0	3	1
特殊2/沃玛铁匠		1	314	72	沃玛铁匠	0	0	1
特殊2/沃玛商人		1	309	81	沃玛商人	0	4	1
特殊2/沃玛老人		1	235	305	沃玛老人	0	9	1
特殊2/森林老人		1	96	290	森林老人	0	3	1
特殊2/仓库保管员	D002	174	216	仓库保管员	0	3	1
特殊2/刘老头		D002	187	214	刘老头		0	9	1
特殊2/洞穴不法小贩	DM001	4	6	洞穴不法小贩	0	9	1
特殊2/不法小贩		DM011	4	6	不法小贩	0	9	1
特殊2/防堵门		3	297	337	防堵门		0	9	1
特殊2/防堵门		D413	80	13	防堵门		0	9	1
;--------------------------------------------------------------------------------
测试/测试奖励		0	327	270	测试奖励	0	14	0
测试/测试奖励		0101A	20	23	密码保护与奖励	0	14	0
测试/测试奖励		0101A	24	36	密码保护与奖励	0	14	0
测试/测试奖励		0101A	33	27	密码保护与奖励	0	14	0
测试/测试奖励		0101A	39	41	密码保护与奖励	0	14	0
测试/测试奖励		0101A	11	12	密码保护与奖励	0	14	0
测试/测试奖励		0101A	19	32	密码保护与奖励	0	14	0
;--------------------------------------------------------------------------------
任务和其他/天机老人	T118A	16	13	天机老人	0	24	1
任务和其他/打铁		0	302	221	铁匠		0	0	0
任务和其他/武士		0114	13	9	高级武士	0	15	0
任务和其他/任务		3	342	327	命运任务	0	19	0
任务和其他/公告牌     	0101A 	21  	18	点我出去 	0  	27  	0
任务和其他/公告牌       0101A 	15  	24	点我出去 	0  	31  	0
任务和其他/公告牌       0101A 	13  	15	点我出去 	0  	31  	0
任务和其他/公告牌       0101A 	27  	30	点我出去 	0  	31  	0
任务和其他/公告牌       0101A 	35  	37	点我出去 	0  	31  	0
任务和其他/游戏介绍	0101A	21	29	游戏介绍	0	20	0
任务和其他/游戏介绍	0101A	26	24	游戏介绍	0	20	0

元宝充值使者	0101A	15	13	元宝充值使者	0	12	0	0	0	0	0
元宝充值使者	0101A	29	19	元宝充值使者	0	12	0	0	0	0	0
元宝充值使者	0101A	33	36	元宝充值使者	0	12	0	0	0	0	0
元宝充值使者	0101A	15	29	元宝充值使者	0	12	0	0	0	0	0

元宝充值使者	JK	10	15	元宝充值使者	0	12	0	0	0	0	0



任务和其他/游戏介绍	0	334	260	游戏介绍	0	35	0
任务和其他/城市疏散	0	325	268	疏散与综合服务	0	18	0
任务和其他/城市疏散	3	327	331	疏散与综合服务	0	18	0
任务和其他/城市疏散	4	238	202	疏散与综合服务	0	18	0
任务和其他/城市疏散	11	175	321	疏散与综合服务	0	18	0
任务和其他/矿区向导	0	660	217	矿区向导	0	26	0
任务和其他/山谷老人	3	855	661	山谷老人	0	3	1
任务和其他/山谷老人	0	650	625	山谷老人	0	3	1
任务和其他/月卡充值	JK	11	12	季卡充值	0	7	0
任务和其他/行会战	3	335	337	行会争霸	0	35	0
任务和其他/夺宝奇兵npc	3	325	327	夺宝奇兵	0	26	0
任务和其他/夺宝指路人-DB1	DB1	52	51	夺宝指路人	0	26	0
任务和其他/争霸		ZM6	20	23	裁判员		0	15	0
任务和其他/装备回收	3	342	324	装备回收　	0	24	0
;--------------------------------------------------------------------------------
地图限制/盟重入口1	2	555	77	引路人		0	1	0
地图限制/盟重入口2	2	298	59	引路人		0	1	0
地图限制/蜈蚣连接	D422	330	382	引路人		0	1	0

地图限制/未知暗殿	E603	31	191	老人		0	9	0
地图限制/祖玛寺庙	D504 	51      173	引路人		0	1	0
地图限制/石墓阵		D715 	83 	81	引路人		0	1	0

地图限制/封魔谷		1	50	168	引路人		0	1	0

地图限制/白日门		1	48	31	引路人		0	1	0
地图限制/不归路		T1343	6	35	引路人		0	1	0

地图限制/钳虫巢穴	11	359	323	引路人		0	1	0
地图限制/死亡神殿	4	204	219	引路人		0	1	0
地图限制/地狱烈焰	0	429	475	引路人		0	1	0
地图限制/深渊魔域	1	217	311	引路人		0	1	0
地图限制/堕落坟场	1	321	58	引路人		0	1	0
地图限制/困惑殿堂	r001	53	98	引路人		0	1	0
;地图限制/迷丛赤月	11	350	238	引路人		0	1	0
;--------------------------------------------------------------------------------

苍月岛/仓库		DB	7	11	仓库管理员	0	31	0


























;BEGIN
元宝充值使者	3	343	338	元宝充值使者	0	12	0	0	0	0	0
元宝充值使者	0	332	264	元宝充值使者	0	12	0	0	0	0	0
;END
Mir2m2排号抢庄NPC\Mir2m2排号抢庄NPC	B012	09	10	元宝排号抢庄	0	12
