;-----------------------[弓箭]---------------------------
0	665	86	弓箭守卫	0	1	1
0	672	93	弓箭守卫	0	1	1

0	340	513	弓箭守卫	0	1	1
0	341	514	弓箭守卫	0	1	1

0	367	487	弓箭守卫	0	1	1
0	368	488	弓箭守卫	0	1	1

0	318	244	弓箭守卫	0	1	1
0	300	207	弓箭守卫	0	1	1
0	310	227	弓箭守卫	0	1	1
0	313	230	弓箭守卫	0	1	1
0	309	286	弓箭守卫	0	1	1
0	329	289	弓箭守卫	0	1	1
0	355	280	弓箭守卫	0	1	1
0	362	301	弓箭守卫	0	1	1
0	374	291	弓箭守卫	0	1	1

0	567	621	弓箭守卫	0	1	1
0	600	576	弓箭守卫	0	1	1
0	662	558	弓箭守卫	0	1	1

0	320	36	弓箭守卫	0	1	1
0	327	42	弓箭守卫	0	1	1

1	46	39	弓箭守卫	0	1	1
1	52	33	弓箭守卫	0	1	1

1	51	165	弓箭守卫	0	1	1
1	51	172	弓箭守卫	0	1	1

1	566	544	弓箭守卫	0	1	1
1	555	544	弓箭守卫	0	1	1

2	417	558	弓箭守卫	0	1	1
2	416	559	弓箭守卫	0	1	1
2	423	566	弓箭守卫	0	1	1
2	424	565	弓箭守卫	0	1	1

2	510	479	弓箭守卫	0	1	1

2	292	60	弓箭守卫	0	1	1
2	298	65	弓箭守卫	0	1	1

2	552	80	弓箭守卫	0	1	1
2	560	88	弓箭守卫	0	1	1

3	331	317	弓箭守卫	0	1	1
3	327	313	弓箭守卫	0	1	1
3	348	332	弓箭守卫	0	1	1
3	296	334	弓箭守卫	0	1	1
3	302	340	弓箭守卫	0	1	1
3	305	290	弓箭守卫	0	1	1
3	288	305	弓箭守卫	0	1	1
3	302	370	弓箭守卫	0	1	1

3	273	743	弓箭守卫	0	1	1
3	274	744	弓箭守卫	0	1	1

3	512	770	弓箭守卫	0	1	1
3	519	777	弓箭守卫	0	1	1

4	443	184	恶魔弓箭手	0	1	1
4	443	192	恶魔弓箭手	0	1	1

4	256	231	恶魔弓箭手	0	1	1
4	251	236	恶魔弓箭手	0	1	1
4	255	230	恶魔弓箭手	0	1	1
4	250	235	恶魔弓箭手	0	1	1
4	254	229	恶魔弓箭手	0	1	1
4	249	234	恶魔弓箭手	0	1	1
4	253	228	恶魔弓箭手	0	1	1
4	248	233	恶魔弓箭手	0	1	1
4	252	227	恶魔弓箭手	0	1	1
4	247	232	恶魔弓箭手	0	1	1

4	257	186	恶魔弓箭手	0	1	1
4	253	183	恶魔弓箭手	0	1	1
4	256	187	恶魔弓箭手	0	1	1
4	252	184	恶魔弓箭手	0	1	1
4	255	188	恶魔弓箭手	0	1	1
4	251	185	恶魔弓箭手	0	1	1
4	254	189	恶魔弓箭手	0	1	1
4	250	186	恶魔弓箭手	0	1	1
4	253	190	恶魔弓箭手	0	1	1
4	249	187	恶魔弓箭手	0	1	1

4	215 	193	恶魔弓箭手	0	1	1
4	219 	189	恶魔弓箭手	0	1	1

4	123	404	千年树妖	0	1	180

5       450	530	宝箱		250	5	30
5       450	530	宝箱		250	3	40
5	450	530	宝箱0		250	2	50
5	450	530	宝箱0		250	1	60
5	450	530	宝箱0		250	1	70
5       550     530     半兽战士    	300     50      10
5       550     530     半兽勇士9	300     20      10
5       550     530     半兽勇士1	300     10      10
5       550     530     骷髅        	300     20      10
5       550     530     骷髅战士    	300     20      10
5       550     530     骷髅战将    	300     20      10
5       550     530     掷斧骷髅    	300     20      10
5       550     530     半兽战士    	300     50      10
5       550     530     半兽勇士9   	300     20      10
5       550     530     半兽勇士1   	300     10      10
5       550     530     骷髅        	300     20      10
5       550     530     骷髅战士    	300     20      10
5       550     530     骷髅战将    	300     20      10
5       550     530     掷斧骷髅    	300     20      10
5       550     530     半兽战士    	300     50      10
5       550     530     半兽勇士9   	300     20      10
5       550     530     半兽勇士1   	300     10      10
5       550     530     骷髅        	300     20      10
5       550     530     骷髅战士    	300     20      10
5       550     530     骷髅战将    	300     20      10
5       550     530     掷斧骷髅    	300     20      10
5       550     530     半兽战士    	300     50      10
5       550     530     半兽勇士9   	300     20      10
5       550     530     半兽勇士1  	300     10      10
5       550     530     骷髅       	300     20      10
5       550     530     骷髅战士    	300     20      10
5       550     530     骷髅战将    	300     20      10
5       550     530     掷斧骷髅    	300     20      10
5       550     530     半兽战士    	300     50      10

11	43	480	弓箭守卫	0	1	1
11	49	474	弓箭守卫	0	1	1
11 	353	246	弓箭守卫	0	1	1
11 	357	243	弓箭守卫	0	1	1
12 	327	468	弓箭守卫	0	1	1
12 	320	474	弓箭守卫	0	1	1

E605	10	61	弓箭守卫	0	1	20
E605	15	68	弓箭守卫	0	1	20

D601	13	196	弓箭守卫	0	1	20
D601	7	201	弓箭守卫	0	1	20

E601	139	13	弓箭守卫	0	1	20
E601	138	12	弓箭守卫	0	1	20

D422	332	380	弓箭守卫	0	1	20
D422	328	384	弓箭守卫	0	1	20

0111	8	12	练功师		0	1	10

;-----------------------[比奇]---------------------------
0	637	636	鹿		10	9	8
0	637	636	稻草人		10	9	6

0	350	200	鸡		25	18	4
0	280	260	鸡		25	18	4
0	405	240	鸡		25	18	4
0	340	310	鸡		25	18	4
0	637	636	鹿		30	9	8
0	637	636	稻草人		20	9	6
0	637	636	鹿		10	9	8
0	637	636	稻草人		10	9	6

0	350	200	鸡		25	18	4
0	280	260	鸡		25	18	4
0	405	240	鸡		25	18	4
0	340	310	鸡		25	18	4

0	350	200	鸡		25	18	4
0	280	260	鸡		25	18	4
0	405	240	鸡		25	18	4
0	340	310	鸡		25	18	4
0	637	636	鹿		10	9	8
0	637	636	稻草人		10	9	6

0	350	200	鸡		25	18	4
0	280	260	鸡		25	18	4
0	405	240	鸡		25	18	4
0	340	310	鸡		25	18	4

0	110	60	稻草人		70	27	8
0	110	80	多钩猫		60	27	8
0	220	60	稻草人		60	27	8
0	150	130	多钩猫		50	27	8
0	140	100	钉耙猫		50	36	9
0	90	240	半兽人		60	36	9
0	65	185	毒蜘蛛		30	18	9
0	120	200	食人花		60	18	9	
0	210	185	鹿		45	27	8
0	265	125	鹿		45	27	8
0	310	95	鹿		45	27	8
0	225	20	蛤蟆		20	9	8
0	280	380	蛤蟆		20	9	9
0	340	80	蛤蟆		20	9	9
0	60	300	毒蜘蛛		60	18	9
0	110	60	稻草人		70	27	9
0	110	80	多钩猫		60	27	8
0	220	60	稻草人		60	27	8
0	150	130	多钩猫		50	27	8
0	140	100	钉耙猫		50	36	8
0	90	240	半兽人		60	36	9
0	65	185	毒蜘蛛		30	18	9
0	120	200	食人花		60	18	9	
0	210	185	鹿		45	27	9
0	265	125	鹿		45	27	10
0	310	95	鹿		45	27	10
0	225	20	蛤蟆		20	9	10
0	280	380	蛤蟆		20	9	10
0	340	80	蛤蟆		20	9	11
0	60	300	毒蜘蛛		60	18	11
0	110	60	稻草人		70	27	11
0	110	80	多钩猫		60	27	11
0	220	60	稻草人		60	27	10
0	150	130	多钩猫		50	27	10
0	140	100	钉耙猫		50	36	10
0	90	240	半兽人		60	36	10
0	65	185	毒蜘蛛		30	18	11
0	120	200	食人花		60	18	11	
0	210	185	鹿		45	27	11
0	265	125	鹿		45	27	11
0	310	95	鹿		45	27	10
0	225	20	蛤蟆		20	9	10
0	280	380	蛤蟆		20	9	10
0	340	80	蛤蟆		20	9	10
0	60	300	毒蜘蛛		60	18	10

0	420	95	半兽人		50	27	11
0	570	120	毒蜘蛛		80	9	11
0	560	200	半兽人		90	36	11
0	420	95	半兽人		50	27	10
0	570	120	毒蜘蛛		80	9	10
0	560	200	半兽人		90	36	9
0	620	370	毒蜘蛛		60	18	9
0	420	95	半兽人		50	27	9
0	570	120	毒蜘蛛		80	9	9
0	560	200	半兽人		90	36	8
0	620	370	毒蜘蛛		60	18	8

0	420	380	鹿	 	45	18	 8
0	470	330	鹿	 	45	18	 9
0	395	420	蛤蟆		40	18 	 9
0	475	500	食人花		90	27	 9
0	405	515	蛤蟆		30	18	 9
0	500	400	稻草人		50	27	 10
0	510	410	多钩猫		50	27	 10
0	510	410	钉耙猫		50	27	 10
0	560	320	半兽人		90	36	 10
0	480	450	半兽人		60	27	 11
0	600	400	森林雪人  	70	27	 11
0	600	400	半兽人		80	36	 11
0	610	405	食人花		60	27	 11

0	600	580	鹿	 	40	18	 10
0	663	661	鸡	 	20	27	 10
0	540	530	稻草人		70	36	 10
0	550	550	鹿	 	70	36	 11
0	570	610	鹿	 	50	27	 11
0	640	520	多钩猫		50	27	 11
0	640	520	钉耙猫		50	27	 11
0	640	530	稻草人		50	27	 10
0	420	380	鹿	 	45	18	 10
0	470	330	鹿	 	45	18	 10
0	395	420	蛤蟆		40	18	 10
0	475	500	食人花		90	27	 9
0	405	515	蛤蟆		30	18	 9
0	500	400	稻草人		50	27	 9
0	510	410	多钩猫		50	27	 9
0	510	410	钉耙猫		50	27	 10
0	560	320	半兽人		90	36	 10
0	480	450	半兽人		60	27	 10
0	600	400	森林雪人  	70	27	 10
0	600	400	半兽人		80	36	 12
0	610	405	食人花		60	27	 12
0	650	420	毒蜘蛛		30	18	 12

0	600	580	鹿	 	40	18	 12
0	663	661	鸡	 	20	27	 11
0	540	530	稻草人		70	36	 11
0	550	550	鹿	 	70	36	 11
0	570	610	鹿	 	50	27	 11
0	640	520	多钩猫		50	27	 10
0	640	520	钉耙猫		50	27	 10
0	640	530	稻草人		50	27	 10
0	420	380	鹿		45	18	 10
0	470	330	鹿		45	18	 9
0	395	420	蛤蟆		40	18	 9
0	475	500	食人花		90	27	 9
0	405	515	蛤蟆		30	18	 9
0	500	400	稻草人		50	27	 8
0	510	410	多钩猫		50	27	 8
0	510	410	钉耙猫		50	27	 8
0	560	320	半兽人		90	36	 8
0	480	450	半兽人		60	27	 9
0	600	400	森林雪人  	70	27	 9
0	600	400	半兽人		80	36	 9
0	610	405	食人花		60	27	 9
0	650	420	毒蜘蛛		30	18	 10

0	600	580	鹿	 	40	18	 10
0	663	661	鸡	 	20	27	 10
0	540	530	稻草人		70	36	 10
0	550	550	鹿	 	70	36	 11
0	570	610	鹿	 	50	27	 11
0	640	520	多钩猫		50	27	 11
0	640	520	钉耙猫		50	27	 11
0	640	530	稻草人		50	27	 10

0	205	325	鹿		50	27	 10
0	260	380	鹿		50	27	 10
0	300	410	蛤蟆		50	18	 10
0	200	400	稻草人		50	18	 9
0	180	420	多钩猫		50	18	 9
0	180	420	钉耙猫		50	18	 9
0	110	425	森林雪人 	70	18	 9
0	110	440	半兽人		70	36	 8
0	220	470	半兽人		70	36	 8
0	140	500	半兽人		50	18	 8
0	130	510	食人花		70	27	 8
0	165	550	森林雪人 	60	27	 7
0	340	550	钉耙猫		50	36	 7
0	340	550	多钩猫		50	36	 7
0	340	550	鹿		50	27	 7
0	247	565	鹿		50	36	 8
0	330	530	稻草人		40	27	 8
0	270	625	鹿		60	45	 8
0	270	625	稻草人		60	45	 8
0	420	380	鹿	 	45	18	 9
0	470	330	鹿	 	45	18	 9
0	395	420	蛤蟆		40	18	 9
0	475	500	食人花		90	27	 9
0	405	515	蛤蟆		30	18	 10
0	500	400	稻草人		50	27	 10
0	510	410	多钩猫		50	27	 10
0	510	410	钉耙猫		50	27	 10
0	560	320	半兽人		90	36	 11
0	480	450	半兽人		60	27	 11
0	600	400	森林雪人 	70	27	 11
0	600	400	半兽人		80	36	 11
0	610	405	食人花		60	27	 12
0	650	420	毒蜘蛛		30	18	 12

0	600	580	鹿	 	40	18	 12
0	663	661	鸡	 	20	27	 12
0	540	530	稻草人		70	36	 11
0	550	550	鹿	 	70	36	 11
0	570	610	鹿	 	50	27	 11
0	640	520	多钩猫		50	27	 11
0	640	520	钉耙猫		50	27	 10
0	640	530	稻草人		50	27	 10

0	295	625	鸡		50	45	10
0	295	625	鸡		50	45	10
0	295	625	鸡		50	45	9
0	295	625	鸡		50	45	9
0	295	625	鸡		50	45	9
0	295	625	鸡		50	45	9

0	645	625	鸡		40	27	8

0	200	400	稻草人0		50	9	8
0	180	420	多钩猫0		50	9	8
0	180	420	钉耙猫0		50	9	8
0	640	520	多钩猫0		50	27	8
0	640	520	钉耙猫0		50	27	8
0	640	530	稻草人0		50	27	8
0	540	530	稻草人0		70	27	8
0	500	400	稻草人0		50	27	8
0	510	410	多钩猫0		50	27	8
0	510	410	钉耙猫0		50	18	8
0	340	550	钉耙猫0		50	18	8
0	340	550	多钩猫0		50	18	8
0	330	530	稻草人0		40	18	8
0	270	625	稻草人0		60	18	8
0	645	625	鸡		40	27	8

0	200	400	稻草人0		50	9	9
0	180	420	多钩猫0		50	9	9
0	180	420	钉耙猫0		50	9	9
0	640	520	多钩猫0		50	27	9
0	640	520	钉耙猫0		50	27	9
0	640	530	稻草人0		50	27	9
0	540	530	稻草人0		70	27	9
0	500	400	稻草人0		50	27	9
0	510	410	多钩猫0		50	27	9
0	510	410	钉耙猫0		50	18	9
0	340	550	钉耙猫0		50	18	9
0	340	550	多钩猫0		50	18	9
0	330	530	稻草人0		40	18	9
0	270	625	稻草人0		60	18	9

;-----------------------[沃玛森林]-----------------------
1	145	60	森林雪人	80	35	3
1	145	60	森林雪人	80	35	5
1	302	164	半兽人		150	60	7
1	302	164	半兽战士	150	30	3
1	302	164	半兽勇士	150	2	60
1	302	164	森林雪人	150	70	3
1	352	382	半兽人		100	30	5
1	352	382	半兽战士	100	10	7
1	352	382	半兽勇士	100	4	60
1	250	230	森林雪人	230	70	5
1	250	230	半兽人		230	70	7
1	250	230	半兽战士	230	40	3
1	250	230	半兽勇士	230	1	60
1	219	381	半兽人		100	30	6
1	219	381	半兽战士	100	10	8
1	219	381	半兽勇士	100	4	60
1	219	381	森林雪人	100	70	5
1	238	511	毒蜘蛛		80	40	6
1	497	465	钉耙猫		50	30	8
1	497	445	多钩猫		50	30	9
1	250	250	食人花		250	50	9

1	240	54	半兽勇士2	30	1	30
1	192	288	半兽勇士2	20	1	30
1	372 	354     半兽勇士2	20	1	30
1	330	435	半兽勇士2	20	1	30
1	250	250	森林雪人0	250	5	10
1	250	250	半兽人0		250	5	12
1	250	250	半兽战士0	250	5	14
1	250	250	钉耙猫0		250	5	16
1	250	250	多钩猫0		550	5	10

;-----------------------[白日门]-------------------------
11	108	422	森林雪人	50	30	7
11	108	422	半兽人		50	10	9
11	108	422	半兽战士	50	30	11
11	108	422	半兽勇士10	50	10	12
11	108	422	半兽统领	50	2	60
11	147	211	森林雪人	80	20	9
11	147	211	半兽战士	80	30	7
11	147	211	半兽勇士10	80	10	10
11	147	211	半兽统领	80	2	60
11	321	266	森林雪人	80	30	8
11	321	266	半兽战士	80	30	6
11	321	266	半兽勇士10	80	20	10
11	321	266	半兽统领	80	3	60
11	348	132	半兽人		100	10	7
11	348	132	半兽战士	80	20	6
11	348	132	半兽勇士10	80	10	10
11	348	132	半兽统领	80	2	60
11	348	132	森林雪人	100	20	9
11	348	132	雪人王		100	2	120

11	380	270	钉耙猫王	80	1	120
11	380	270	钉耙猫		90	10	8
11	100	450	多钩猫		90	10	7
11	100	450	多钩猫王	80	1	120

11	147	211	毒蜘蛛		60	20	6
11	147	211	剧毒蜘蛛	60	3	30
11	147	211	天狼蜘蛛	60	10	30
11	321	266	毒蜘蛛		80	20	7
11	321	266	剧毒蜘蛛	80	4	30
11	348	132	毒蜘蛛		60	20	8
11	348	132	剧毒蜘蛛	60	3	30
11	45	380	食人花		100	20	9
11	360	255	天狼蜘蛛	80	20	15

11	321	266	半兽勇士	80	3	60
11	147	211	半兽勇士	80	3	60
11	348	132	半兽勇士	80	3	60
11	108	422	森林雪人0	50	3	12
11	321	266	半兽人0		50	5	15
11	132	185	半兽战士0	50	5	30
11	380	270	钉耙猫0		50	5	14
11	100	450	多钩猫0		50	5	13
11	360	255	天狼蜘蛛0	80	10	60

;-----------------------[丛林迷宫]-----------------------
12	100	60	天狼蜘蛛	100	20	8
12	100	60	暴牙蜘蛛	100	10	12
12	100	60	花吻蜘蛛	100	10	11
12	290	160	天狼蜘蛛	100	10	8
12	290	160	暴牙蜘蛛	100	10	13
12	290	160	花吻蜘蛛	100	10	14
12	50	300	天狼蜘蛛	100	10	8
12	50	300	暴牙蜘蛛	100	10	15
12	50	300	花吻蜘蛛	100	10	16
12	80	220	天狼蜘蛛	100	10	8
12	80	220	暴牙蜘蛛	100	10	17
12	80	220	花吻蜘蛛	100	20	18
12	160	210	天狼蜘蛛	100	10	8
12	160	210	暴牙蜘蛛	100	10	19
12	160	210	花吻蜘蛛	100	10	10
12	190	330	天狼蜘蛛	100	10	8
12	190	330	暴牙蜘蛛	100	10	12
12	190	330	花吻蜘蛛	100	10	14
12	288	328	剧毒蜘蛛	100	10	6
12	288	328	天狼蜘蛛	100	10	8
12	288	328	暴牙蜘蛛	100	10	13
12	288	328	花吻蜘蛛	100	10	10
12	190	330	剧毒蜘蛛	250	20	6

12	290	160	天狼蜘蛛0	50	20	30
12	100	60	暴牙蜘蛛0	50	20	30
12	50	300	花吻蜘蛛0	50	10	30
12	50	300	鹰卫		150	6	40
12	50	300	虎卫		150	2	60

;-----------------------[兽人古墓]-----------------------
D001	200	200	蝎子		200	25	13
D001	200	200	骷髅		200	40	11
D001	200	200	骷髅战士	200	25	12
D001	200	200	洞蛆		200	28	19
D001	200	200	山洞蝙蝠	200	12	13


D001	200	200	骷髅战士0	200	8	11
D001	200	200	骷髅0		200	8	11

D001	190	125	蝎子		30	11	15
D001	250	260	骷髅		30	11	12
D001	250	90	山洞蝙蝠	30	11	33
D001	30	30	山洞蝙蝠	50	24	36

D002	200	200	洞蛆		200	10	33
D002	200	200	骷髅战士	200	65	11
D002	200	200	掷斧骷髅	200	10	11
D002	200	200	骷髅战将	200	30	11
D002	200	200	骷髅		200	35	11
D002	200	200	山洞蝙蝠	200	12	33
D002	200	200	山洞蝙蝠	200	16	16
D002	300	230	山洞蝙蝠	30	8	14
D002	200	200	骷髅精灵	200	2	60

D002	200	200	骷髅战士0	200	8	11
D002	200	200	掷斧骷髅0	200	8	11
D002	200	200	骷髅战将0	200	8	11
D002	200	200	骷髅0		200	8	11

D003	200	200	洞蛆		200	12	25
D003	200	200	骷髅战士	200	28	11
D003	200	200	掷斧骷髅	200	12	11
D003	200	200	骷髅战将	200	28	11
D003	200	200	骷髅		200	34	11
D003	200	200	山洞蝙蝠	200	12	15
D003	200	200	山洞蝙蝠	200	16	14
D003	200	200	骷髅精灵	200	2	60

D003	200	200	骷髅战士0	200	8	11
D003	200	200	掷斧骷髅0	200	8	11
D003	200	200	骷髅战将0	200	8	11
D003	200	200	骷髅0		200	8	11
D003	200	200	山洞蝙蝠0	200	8	39

;-----------------------[山谷洞穴]-----------------------
D011   	200   	200   	骷髅        	200   	14      11
D011   	200   	200   	骷髅战士    	200   	18      11
D011   	200   	200   	蝎子        	200   	10      15
D011   	200   	200   	山洞蝙蝠    	200   	12	16
D011   	200   	200   	山洞蝙蝠    	200   	15	13
D011   	200   	200   	洞蛆        	200   	10      18
D011   	200   	200   	骷髅精灵    	200   	1       60

D011   	200   	200   	骷髅0       	200   	8 	14
D011   	200   	200   	骷髅战士0	200   	8   	16
D011   	200   	200   	山洞蝙蝠0   	200   	8   	17

D012	200	200	骷髅		200	14	13
D012	200	200	骷髅战士	200	18	15
D012	200	200	骷髅战将	200	18	11
D012	200	200	掷斧骷髅	200	20	13
D012	200	200	蝎子		200	30	13
D012	200	200	洞蛆		200	30	14
D012	200	200	山洞蝙蝠	200	12	13
D012	200	200	山洞蝙蝠	200	16	25
D012	200	200	山洞蝙蝠	200	4	27
D012	200	200	山洞蝙蝠	200	4	28
D012	200	200	山洞蝙蝠	200	4	29
D012	200	200	骷髅精灵	200	2	60

D012	200	200	骷髅0		200	8	13
D012	200	200	骷髅战士0	200	8	15
D012	200	200	骷髅战将0	200	8	17
D012	200	200	掷斧骷髅0	200	8	19
D012	200	200	山洞蝙蝠0	200	8	26

;-----------------------[沃玛寺庙]-----------------------
D021	50	44	山洞蝙蝠	60	10	17
D021	50	44	洞蛆		60	30	20
D021	50	44	山洞蝙蝠0	60	2	5

D022	250	250	粪虫		250	30	13
D022	250	250	沃玛战士	250	50	14
D022	250	250	沃玛勇士	250	40	15
D022	250	250	沃玛战将	250	40	16
D022	250	250	火焰沃玛	250	20	17
D022	200	200	沃玛卫士	200	2	10
D022	250	250	山洞蝙蝠	250	10	15
D022	250	250	山洞蝙蝠	250	10	16
D022	250	250	山洞蝙蝠	250	10	18
D022	250	250	山洞蝙蝠	250	10	14
D022	250	250	山洞蝙蝠	250	10	16
D022	250	250	山洞蝙蝠	250	10	15
D022	250	250	山洞蝙蝠	250	10	18
D022	250	250	山洞蝙蝠	250	10	23

D022	250	250	沃玛战士0	250	5	10
D022	250	250	沃玛勇士0	250	5	11
D022	250	250	沃玛战将0	250	5	12
D022	250	250	火焰沃玛0	250	5	13
D022	250	250	山洞蝙蝠0	250	5	14
D022	250	250	山洞蝙蝠0	250	5	15

D023	200	200	暗黑战士	200	50	7
D023	200	200	粪虫		200	20	8
D023	200	200	沃玛战士	200	30	10
D023	200	200	沃玛勇士	200	30	11
D023	200	200	沃玛战将	200	30	12
D023	200	200	火焰沃玛	200	30	13
D023	200	200	沃玛卫士	200	2	60
D023	200	200	山洞蝙蝠	200	20	9


D023	200	200	暗黑战士0	200	5	10
D023	200	200	沃玛战士0	200	5	11
D023	200	200	沃玛勇士0	200	5	12
D023	200	200	沃玛战将0	200	5	13
D023	200	200	火焰沃玛0	200	5	14
D023	200	200	山洞蝙蝠0	200	5	15

D024	50	50	沃玛教主	20	1	120
D024	50	50	沃玛卫士	30	2	60
D024	40	40	沃玛勇士	20	10	18
D024	40	40	沃玛战将	20	10	12
D024	40	40	火焰沃玛	20	10	12
D024	40	40	暗黑战士	20	10	12
D024	50	50	沃玛勇士	20	14	12
D024	50	50	沃玛战将	20	14	12
D024	50	50	火焰沃玛	20	14	12
D024	50	50	暗黑战士	20	10	10
D024	60	60	沃玛勇士	20	10	9
D024	60	60	沃玛战将	20	10	9
D024	60	60	火焰沃玛	20	10	9
D024	60	60	暗黑战士	20	10	9
D024	40	50	沃玛勇士	20	6	9
D024	40	50	沃玛战将	20	6	9
D024	40	50	火焰沃玛	20	6	9
D024	40	50	暗黑战士	20	10	9
D024	50	40	沃玛勇士	20	10	9
D024	50	40	沃玛战将	20	10	9
D024	50	40	火焰沃玛	20	10	10
D024	50	40	暗黑战士	20	10	10
D024	60	50	沃玛勇士	20	10	10
D024	60	50	沃玛战将	20	10	10
D024	60	50	火焰沃玛	20	10	10
D024	60	50	暗黑战士	20	10	10
D024	50	60	沃玛勇士	20	10	10
D024	50	60	沃玛战将	20	10	10
D024	50	60	火焰沃玛	20	10	10
D024	50	60	暗黑战士	20	10	11
D024	83	84	沃玛勇士	7	10	11
D024	83	84	沃玛战将	7	10	11
D024	83	84	火焰沃玛	7	10	11
D024	83	84	暗黑战士	7	16	11
D024	20	21	沃玛勇士	7	20	15
D024	20	21	沃玛战将	7	20	15
D024	20	21	火焰沃玛	7	20	15
D024	20	21	暗黑战士	7	16	11

D024	42	49	暗黑战士0	30	2	10
D024	42	49	沃玛勇士0	30	2	11
D024	42	49	沃玛战将0	30	2	11
D024	42	49	火焰沃玛0	30	2	11

;-----------------------[毒蛇山谷]-----------------------
2	250	250	红蛇		220	110	26
2	320	130	红蛇		100	20	18
2	250	250	食人花		200	10	10
2	100	250	毒蜘蛛		60	10	12
2	350	100	毒蜘蛛		50	10	13
2	260	200	多钩猫		60	20	14
2	260	200	红蛇		60	20	15
2	260	170	钉耙猫		60	30	11
2	260	170	红蛇		60	30	16
2	420	80	毒蜘蛛		50	30	17
2	448	362	虎蛇		60	50	26
2	400	180	虎蛇		120	30	9
2	250	280	虎蛇		120	40	8
2	250	250	红蛇		220	30	5
2	140	250	红蛇		80	20	8
2	300	330	半兽人		100	50	9
2	400	130	半兽人		100	35	10
2	300	400	多钩猫		200	30	11
2	300	400	钉耙猫		200	30	12

2	300	400	红蛇0		200	1	10
2	300	400	多钩猫0		200	1	11
2	300	400	钉耙猫0		200	1	10
2	300	400	虎蛇0		200	1	12
2	300	400	半兽人0		200	1	10

;-----------------------[废矿]---------------------------
D401  	100   	100   	僵尸2           100   	15    	13
D401  	100   	100   	僵尸20          100   	13     	10
D401  	100   	100   	僵尸3           100   	15    	13
D401  	100   	100   	僵尸30          100   	13     	10
D401  	100   	100   	僵尸4           100   	25    	13
D401  	100   	100   	僵尸40          100   	13     	10
D401  	100   	100   	僵尸5           100   	15    	13
D401  	100   	100   	僵尸50          100   	13     	10
D401  	100   	100   	洞蛆            100   	15    	13

D402  	100   	100   	僵尸1           100   	15    	13
D402  	100   	100   	僵尸10          100   	3     	10
D402  	100   	100   	僵尸2           100   	25    	13
D402  	100   	100   	僵尸20          100   	3     	10
D402  	100   	100   	僵尸3           100   	25    	13
D402  	100   	100   	僵尸30          100   	3     	10
D402  	100   	100   	僵尸4           100   	25    	13
D402  	100   	100   	僵尸40          100   	3     	10
D402  	100   	100   	僵尸5           100   	25    	13
D402  	100   	100   	僵尸50          100   	3     	10
D402  	100   	100   	洞蛆            100   	25    	13
D402  	138   	107   	僵尸2             0    	1    	12

D403  	100   	100   	僵尸1           100   	25   	13
D403  	100   	100   	僵尸10          100   	3     	10
D403  	100   	100   	僵尸2           100   	25    	13
D403  	100   	100   	僵尸20          100   	3     	10
D403  	100   	100   	僵尸3           100   	15    	13
D403  	100   	100   	僵尸30          100   	3     	10
D403  	100   	100   	僵尸4           100   	15    	13
D403  	100   	100   	僵尸40          100   	3     	10
D403  	100   	100   	僵尸5           100   	15    	13
D403  	100   	100   	僵尸50          100   	3     	10
D403  	100   	100   	洞蛆            100   	15    	3

D404  	100   	100   	僵尸1           100   	45    	13
D404  	100   	100   	僵尸10          100   	3     	10
D404  	100   	100   	僵尸2           100   	45    	13
D404  	100   	100   	僵尸20          100   	3     	10
D404  	100   	100   	僵尸3           100   	45    	13
D404  	100   	100   	僵尸30          100   	3     	10
D404  	100   	100   	僵尸40          100   	3     	10
D404  	100   	100   	僵尸50          100   	3     	10
D404  	100   	100   	洞蛆            100   	45    	3
D404  	100   	100   	尸王            100    	2    	60

D405  	100   	100   	僵尸1           100   	35    	13
D405  	100   	100   	僵尸10          100   	3     	10
D405  	100   	100   	僵尸2           100   	35    	13
D405  	100   	100   	僵尸20          100   	3     	10
D405  	100   	100   	僵尸3           100   	45    	13
D405  	100   	100   	僵尸30          100   	3     	10
D405  	100   	100   	僵尸4           100   	45    	13
D405  	100   	100   	僵尸40          100   	3     	10
D405  	100   	100   	僵尸5           100   	35    	13
D405  	100   	100   	僵尸50          100   	3     	10
D405  	100   	100   	洞蛆            100   	15    	23
D405  	100   	100   	尸王            100    	2    	60

D406  	100   	100   	僵尸1           100   	35    	13
D406  	100   	100   	僵尸10          100   	3     	10
D406  	100   	100   	僵尸2           100   	35    	13
D406  	100   	100   	僵尸20          100   	3     	10
D406  	100   	100   	僵尸3           100   	35    	13
D406  	100   	100   	僵尸30          100   	3     	10
D406  	100   	100   	僵尸4           100   	35    	13
D406  	100   	100   	僵尸40          100   	3     	10
D406  	100   	100   	僵尸5           100   	35    	13
D406  	100   	100   	僵尸50          100   	3     	10
D406  	100   	100   	洞蛆            100   	25    	13
D406  	100   	100   	尸王            100   	2    	60

D411  	50   	50   	僵尸1           50   	28    	13
D411  	50   	50   	僵尸2           50   	28    	13
D411  	50   	50   	僵尸3           50   	28    	13
D411  	50   	50   	僵尸4           50   	28    	13
D411  	50   	50   	僵尸5           50   	28    	13
D411  	50   	50   	洞蛆            50   	18    	33

D412  	50   	50   	僵尸1           50   	38    	13
D412  	50   	50   	僵尸2           50   	38    	13
D412  	50   	50   	僵尸3           50   	28    	13
D412  	50   	50   	僵尸4           50   	18    	13
D412  	50   	50   	僵尸5           50   	18    	13
D412  	50   	50   	洞蛆            50   	18    	33

D413  	50   	50   	僵尸1           50   	38    	13
D413  	50   	50   	僵尸2           50   	28    	13
D413  	50   	50   	僵尸3           50   	18    	13
D413  	50   	50   	僵尸4           50   	18    	13
D413  	50   	50   	僵尸5           50   	18    	13
D413  	50   	50   	洞蛆            50   	18    	23



D415  	50  	50   	僵尸1           50   	28    	13
D415  	50   	50   	僵尸2           50   	28    	13
D415  	50   	50   	僵尸3           50   	28    	13
D415  	50   	50   	僵尸4           50   	28    	13
D415  	50   	50   	僵尸5           50   	28    	13
D415  	50   	50   	洞蛆            50  	18    	13

D416  	50   	50   	僵尸1           50   	38    	13
D416  	50   	50   	僵尸2           50   	38    	13
D416  	50   	50   	僵尸3           50   	38    	13
D416  	50   	50   	僵尸4           50   	38    	13
D416  	50   	50   	僵尸5           50   	38    	13
D416  	50   	50   	洞蛆            50   	18    	13

;-----------------------[山谷矿区]-----------------------

D421  	200   	200   	僵尸10          200   	11     	10
D421  	200   	200   	僵尸20          200   	11     	10
D421  	200   	200   	僵尸3           200   	11    	13
D421  	200   	200   	僵尸30          200   	3     	10
D421  	200   	200   	僵尸40          200   	3     	10
D421  	200   	200   	僵尸5           200   	35    	13
D421  	200   	200   	僵尸50          200   	3     	10
D421  	200   	200   	洞蛆            200   	25    	13
D421  	200   	200   	尸王            200    	1    	60
	
D422  	200   	200   	僵尸1           200   	35    	13
D422  	200   	200   	僵尸10          200   	3     	10
D422  	200   	200   	僵尸2           200   	25    	13
D422  	200   	200   	僵尸20          200   	3     	10
D422  	200   	200   	僵尸3           200   	25    	13
D422  	200   	200   	僵尸30          200   	3    	10
D422  	200   	200   	僵尸4           200   	25    	13
D422  	200   	200   	僵尸40          200   	3     	10
D422  	200   	200   	僵尸5           200   	25    	13
D422  	200   	200   	僵尸50          200   	3     	10
D422  	200   	200   	洞蛆            200   	25    	23
D422  	100   	100   	尸王            200    	2    	60

;-----------------------[盟重省]-------------------------
3	380	410	羊		60	30	6
3	380	290	羊		60	30	8
3	160	250	猎鹰		80	20	9
3	500	125	猎鹰		40	10	10
3	150	230	盔甲虫		100	20	11
3	100	390	沙虫		50	20	12
3	320	150	盔甲虫		100	30	13
3	320	150	沙虫		30	20	14
3	416	200	盔甲虫		70	30	15
3	583	130	盔甲虫		70	30	16
3	500	140	多角虫		60	20	7
3	666	115	多角虫		60	30	8
3	500	140	巨型多角虫	500	10	30
3	790	100	狼		50	20	10
3	880	70	狼		50	20	11
3	880	370	狼		100	30	14
3	666	660	多角虫		100	30	12
3	710	500	盔甲虫		120	30	13
3	710	625	威思而小虫	20	50	7
3	130	590	狼		100	30	11
3	333	560	狼		120	30	12
3	450	560	狼		120	30	9
3	333	560	虎蛇		150	40	7

3	500	140	猎鹰0		500	1	10
3	500	140	盔甲虫0		500	1	11
3	500	140	多角虫0		500	1	12
3	500	140	虎蛇0		500	1	13

;-----------------------[祖玛寺庙]-----------------------
D501	200	200	楔蛾		100	10	8
D501	100	300	楔蛾		100	10	9
D501	300	100	楔蛾		100	10	10
D501	100	100	楔蛾		100	10	11
D501	300	300	楔蛾		100	10	12
D501	200	200	角蝇		100	3	13
D501	100	300	角蝇		100	3	14
D501	300	100	角蝇		100	3	15
D501	100	100	角蝇		100	3	8
D501	300	300	角蝇		100	3	10
D501	200	200	大老鼠		100	10	8
D501	100	660	大老鼠		100	10	9
D501	660	100	大老鼠		100	10	10
D501	100	100	大老鼠		100	10	11
D501	660	660	大老鼠		100	10	12
D501	200	200	大老鼠0		200	6	10

D502	200	200	大老鼠		100	10	8
D502	100	300	大老鼠		100	10	9
D502	300	100	大老鼠		100	10	10
D502	100	100	大老鼠		100	10	11
D502	300	300	大老鼠		100	10	12
D502	200	200	角蝇		100	3	8
D502	100	300	角蝇		100	3	9
D502	300	100	角蝇		100	3	10
D502	100	100	角蝇		100	3	11
D502	300	300	角蝇		100	3	12
D502	200	200	楔蛾		100	30	13
D502	100	300	楔蛾		100	30	14
D502	300	100	楔蛾		100	30	15
D502	100	100	楔蛾		100	30	16
D502	300	300	楔蛾		100	30	8
D502	200	200	大老鼠0		200	6	10

D503	200	200	角蝇		100	3	8
D503	100	300	角蝇		100	3	9
D503	300	100	角蝇		100	3	10
D503	100	100	角蝇		100	3	11
D503	300	300	角蝇		100	3	12
D503	200	200	祖玛弓箭手	100	5	13
D503	100	300	祖玛弓箭手	100	5	14
D503	300	100	祖玛弓箭手	100	5	9
D503	100	100	祖玛弓箭手	100	5	10
D503	300	300	祖玛弓箭手	100	5	11
D503	200	200	祖玛雕像	100	5	12
D503	100	300	祖玛雕像	100	5	13
D503	300	100	祖玛雕像	100	5	14
D503	100	100	祖玛雕像	100	5	15
D503	300	300	祖玛雕像	100	5	16
D503	200	200	祖玛卫士	100	5	9
D503	100	300	祖玛卫士	100	5	10
D503	300	100	祖玛卫士	100	5	11
D503	100	100	祖玛卫士	100	5	12
D503	300	300	祖玛卫士	100	5	8
D503	200	200	楔蛾		100	5	8
D503	100	300	楔蛾		100	5	9
D503	300	100	楔蛾		100	5	10
D503	100	100	楔蛾		100	5	11
D503	300	300	楔蛾		100	5	12
D503	200	200	大老鼠		200	30	10

D503	200	200	祖玛弓箭手0	200	2	35
D503	200	200	祖玛卫士0	200	2	36
D503	200	200	祖玛雕像0	200	2	37
D503	200	200	大老鼠0		200	2	30
D503	200	200	祖玛雕像3	200	2	31
D503	200	200	祖玛卫士3	200	2	32
D503	200	200	祖玛弓箭手3	200	2	30

D504	200	200	祖玛弓箭手	180	30	38
D504	200	200	祖玛雕像	180	30	39
D504	200	200	祖玛卫士	180	30	30
D504	200	200	楔蛾		180	40	31
D504	200	200	角蝇		100	3	32
D504	100	300	角蝇		100	3	33
D504	300	100	角蝇		100	3	34
D504	100	100	角蝇		100	3	35
D504	300	300	角蝇		100	3	36
D504	200	200	大老鼠		200	30	30

D504	200	200	祖玛弓箭手0	200	1	21
D504	200	200	祖玛卫士0	200	1	22
D504	200	200	祖玛卫士0	200	1	22
D504	200	200	祖玛雕像0	200	1	20
D504	200	200	大老鼠0		200	1	10
D504	200	200	祖玛雕像3	200	4	23
D504	200	200	祖玛卫士3	200	4	24
D504	200	200	祖玛弓箭手3	200	4	25

D504	225	175	祖玛卫士00	8	1	60
D504	225	175	祖玛卫士	8	7	31
D504	225	175	楔蛾		8	8	32
D504	225	175	祖玛弓箭手	8	8	33
D504	225	175	角蝇		8	10	34
D504	225	175	祖玛雕像	8	8	35

D505	100	100	祖玛弓箭手	100	100	30
D505	100	100	祖玛雕像	100	100	31
D505	100	100	祖玛卫士	100	100	32
D505	100	100	楔蛾		100	100	43
D505	100	100	角蝇		100	30	34
D505	100	100	祖玛雕像3	100	5	31
D505	100	100	祖玛卫士3	100	5	32
D505	100	100	祖玛弓箭手3	100	5	30
D505	100	100	祖玛弓箭手0	100	2	33
D505	100	100	祖玛卫士0	100	2	34
D505	100	100	祖玛雕像0	100	2	35

D505	154	172	祖玛卫士00	8	1	30
D505	154	172	祖玛卫士	8	7	61
D505	154	172	楔蛾		8	8	62
D505	154	172	祖玛弓箭手	8	8	63
D505	154	172	角蝇		8	10	64
D505	154	172	祖玛雕像	8	8	65

D5061	11	13	祖玛雕像	2	1	3
D5061	11	13	祖玛弓箭手	2	1	3
D5061	11	13	祖玛卫士	2	1	3
D5061	11	13	楔蛾		2	2	5
D5061	11	13	角蝇		2	1	5
D5061	37	13	祖玛雕像	2	1	3
D5061	37	13	祖玛弓箭手	2	1	3
D5061	37	13	祖玛卫士	2	1	3
D5061	37	13	楔蛾		2	2	5
D5061	37	13	角蝇		2	1	5
D5061	63	13	祖玛雕像	2	1	3
D5061	63	13	祖玛卫士	2	1	3
D5061	63	13	楔蛾		2	2	5
D5061	63	13	角蝇		2	1	5
D5061	63	13	祖玛弓箭手	2	1	3
D5061	88	14	祖玛雕像	2	1	3
D5061	88	14	祖玛卫士	2	1	3
D5061	88	14	楔蛾		2	2	5
D5061	88	14	角蝇		2	1	5
D5061	88	14	祖玛弓箭手	2	1	3
D5061	11	41	祖玛雕像	2	1	3
D5061	11	41	祖玛卫士	2	1	3
D5061	11	41	楔蛾		2	2	5
D5061	11	41	角蝇		2	1	5
D5061	11	41	祖玛弓箭手	2	1	3
D5061	37	41	祖玛卫士	2	1	3
D5061	37	41	祖玛雕像	2	1	3
D5061	37	41	楔蛾		2	2	5
D5061	37	41	角蝇		2	1	5
D5061	37	41	祖玛卫士	2	1	3
D5061	63	41	祖玛雕像	2	1	3
D5061	63	41	楔蛾		2	2	5
D5061	63	41	角蝇		2	1	5
D5061	63	41	祖玛弓箭手	2	1	3
D5061	63	41	祖玛卫士	2	1	3
D5061	89	41	祖玛雕像	2	1	3
D5061	89	41	祖玛卫士	2	1	3
D5061	89	41	楔蛾		2	2	5
D5061	89	41	角蝇		2	1	5
D5061	89	41	祖玛弓箭手	2	1	3
D5061	12	74	祖玛雕像	2	1	3
D5061	12	74	祖玛卫士	2	1	3
D5061	12	74	楔蛾		2	2	5
D5061	12	74	角蝇		2	1	5
D5061	12	74	祖玛弓箭手	2	1	3
D5061	37	73	祖玛雕像	2	1	3
D5061	37	73	祖玛卫士	2	1	3
D5061	37	73	楔蛾		2	2	5
D5061	37	73	角蝇		2	1	5
D5061	37	73	祖玛弓箭手	2	1	3
D5061	63	73	祖玛雕像	2	1	3
D5061	63	73	祖玛卫士	2	1	3
D5061	63	73	楔蛾		2	2	5
D5061	63	73	角蝇		2	1	5
D5061	63	73	祖玛弓箭手	2	1	3
D5061	87	73	祖玛雕像	2	1	3
D5061	87	73	祖玛卫士	2	1	3
D5061	87	73	楔蛾		2	2	5
D5061	87	73	角蝇		2	1	5
D5061	87	73	祖玛弓箭手	2	1	3
D5061	50	50	祖玛雕像0	50	2	60
D5061	50	50	祖玛卫士0	50	2	60
D5061	50	50	祖玛弓箭手0	50	2	60

D5062	11	13	祖玛雕像	2	1	3
D5062	11	13	祖玛弓箭手	2	1	3
D5062	11	13	祖玛卫士	2	1	3
D5062	11	13	楔蛾		2	2	5
D5062	11	13	角蝇		2	1	5
D5062	37	13	祖玛雕像	2	1	3
D5062	37	13	祖玛弓箭手	2	1	3
D5062	37	13	祖玛卫士	2	1	3
D5062	37	13	楔蛾		2	2	5
D5062	37	13	角蝇		2	1	5
D5062	63	13	祖玛雕像	2	1	3
D5062	63	13	祖玛卫士	2	1	3
D5062	63	13	楔蛾		2	2	5
D5062	63	13	角蝇		2	1	5
D5062	63	13	祖玛弓箭手	2	1	3
D5062	88	14	祖玛雕像	2	1	3
D5062	88	14	祖玛卫士	2	1	3
D5062	88	14	楔蛾		2	2	5
D5062	88	14	角蝇		2	1	5
D5062	88	14	祖玛弓箭手	2	1	3
D5062	11	41	祖玛雕像	2	1	3
D5062	11	41	祖玛卫士	2	1	3
D5062	11	41	楔蛾		2	2	5
D5062	11	41	角蝇		2	1	5
D5062	11	41	祖玛弓箭手	2	1	3
D5062	37	41	祖玛卫士	2	1	3
D5062	37	41	祖玛雕像	2	1	3
D5062	37	41	楔蛾		2	2	5
D5062	37	41	角蝇		2	1	5
D5062	37	41	祖玛卫士	2	1	3
D5062	63	41	祖玛卫士	2	1	3
D5062	63	41	祖玛雕像	2	1	3
D5062	63	41	楔蛾		2	2	5
D5062	63	41	角蝇		2	1	5
D5062	63	41	祖玛弓箭手	2	2	3
D5062	89	41	祖玛雕像	2	1	3
D5062	89	41	祖玛卫士	2	1	3
D5062	89	41	楔蛾		2	2	5
D5062	89	41	角蝇		2	1	5
D5062	89	41	祖玛弓箭手	2	1	3
D5062	12	74	祖玛雕像	2	1	3
D5062	12	74	祖玛卫士	2	1	3
D5062	12	74	楔蛾		2	2	5
D5062	12	74	角蝇		2	1	5
D5062	12	74	祖玛弓箭手	2	1	3
D5062	37	73	祖玛雕像	2	1	3
D5062	37	73	祖玛卫士	2	1	3
D5062	37	73	楔蛾		2	2	5
D5062	37	73	角蝇		2	1	5
D5062	37	73	祖玛弓箭手	2	1	3
D5062	63	73	祖玛雕像	2	1	3
D5062	63	73	祖玛卫士	2	1	3
D5062	63	73	楔蛾		2	2	5
D5062	63	73	角蝇		2	1	5
D5062	63	73	祖玛弓箭手	2	1	3
D5062	87	73	祖玛雕像	2	1	3
D5062	87	73	祖玛卫士	2	1	3
D5062	87	73	楔蛾		2	2	5
D5062	87	73	角蝇		2	1	5
D5062	87	73	祖玛弓箭手	2	2	3
D5062	50	50	祖玛雕像0	50	2	60
D5062	50	50	祖玛卫士0	50	2	60
D5062	50	50	祖玛弓箭手0	50	2	60

D5063	11	13	祖玛雕像	2	1	3
D5063	11	13	祖玛弓箭手	2	1	3
D5063	11	13	祖玛卫士	2	1	3
D5063	11	13	楔蛾		2	2	5
D5063	11	13	角蝇		2	1	5
D5063	37	13	祖玛雕像	2	1	3
D5063	37	13	祖玛弓箭手	2	1	3
D5063	37	13	祖玛卫士	2	1	3
D5063	37	13	楔蛾		2	2	5
D5063	37	13	角蝇		2	1	5
D5063	63	13	祖玛雕像	2	1	3
D5063	63	13	祖玛卫士	2	1	3
D5063	63	13	楔蛾		2	2	5
D5063	63	13	角蝇		2	1	5
D5063	63	13	祖玛弓箭手	2	1	3
D5063	88	14	祖玛雕像	2	1	3
D5063	88	14	祖玛卫士	2	1	3
D5063	88	14	楔蛾		2	2	5
D5063	88	14	角蝇		2	1	5
D5063	88	14	祖玛弓箭手	2	1	3
D5063	11	41	祖玛雕像	2	1	3
D5063	11	41	祖玛卫士	2	1	3
D5063	11	41	楔蛾		2	2	5
D5063	11	41	角蝇		2	1	5
D5063	11	41	祖玛弓箭手	2	1	3
D5063	37	41	祖玛卫士	2	1	3
D5063	37	41	祖玛雕像	2	1	3
D5063	37	41	楔蛾		2	2	5
D5063	37	41	角蝇		2	1	5
D5063	37	41	祖玛卫士	2	1	3
D5063	63	41	祖玛雕像	2	1	3
D5063	63	41	楔蛾		2	2	5
D5063	63	41	角蝇		2	1	5
D5063	63	41	祖玛弓箭手	2	1	3
D5063	63	41	祖玛卫士	2	1	3
D5063	89	41	祖玛雕像	2	1	3
D5063	89	41	祖玛卫士	2	1	3
D5063	89	41	楔蛾		2	2	5
D5063	89	41	角蝇		2	1	5
D5063	89	41	祖玛弓箭手	2	1	3
D5063	12	74	祖玛雕像	2	1	3
D5063	12	74	祖玛卫士	2	1	3
D5063	12	74	楔蛾		2	2	5
D5063	12	74	角蝇		2	1	5
D5063	12	74	祖玛弓箭手	2	1	3
D5063	37	73	祖玛雕像	2	1	3
D5063	37	73	祖玛卫士	2	1	3
D5063	37	73	楔蛾		2	2	5
D5063	37	73	角蝇		2	1	5
D5063	37	73	祖玛弓箭手	2	1	3
D5063	63	73	祖玛雕像	2	1	3
D5063	63	73	祖玛卫士	2	1	3
D5063	63	73	楔蛾		2	2	5
D5063	63	73	角蝇		2	1	5
D5063	63	73	祖玛弓箭手	2	1	3
D5063	87	73	祖玛雕像	2	1	3
D5063	87	73	祖玛卫士	2	1	3
D5063	87	73	楔蛾		2	2	5
D5063	87	73	角蝇		2	1	5
D5063	87	73	祖玛弓箭手	2	1	3
D5063	50	50	祖玛雕像0	50	2	60
D5063	50	50	祖玛卫士0	50	2	60
D5063	50	50	祖玛弓箭手0	50	2	60

D5064	11	13	祖玛雕像	2	1	3
D5064	11	13	祖玛弓箭手	2	1	3
D5064	11	13	祖玛卫士	2	1	3
D5064	11	13	楔蛾		2	2	5
D5064	11	13	角蝇		2	1	5
D5064	37	13	祖玛雕像	2	1	3
D5064	37	13	祖玛弓箭手	2	1	3
D5064	37	13	祖玛卫士	2	1	3
D5064	37	13	楔蛾		2	2	5
D5064	37	13	角蝇		2	1	5
D5064	63	13	祖玛雕像	2	1	3
D5064	63	13	祖玛卫士	2	1	3
D5064	63	13	楔蛾		2	2	5
D5064	63	13	角蝇		2	1	5
D5064	63	13	祖玛弓箭手	2	1	3
D5064	88	14	祖玛雕像	2	1	3
D5064	88	14	祖玛卫士	2	1	3
D5064	88	14	楔蛾		2	2	5
D5064	88	14	角蝇		2	1	5
D5064	88	14	祖玛弓箭手	2	1	3
D5064	11	41	祖玛雕像	2	1	3
D5064	11	41	祖玛卫士	2	1	3
D5064	11	41	楔蛾		2	2	5
D5064	11	41	角蝇		2	1	5
D5064	11	41	祖玛弓箭手	2	1	3
D5064	37	41	祖玛卫士	2	1	3
D5064	37	41	祖玛雕像	2	1	3
D5064	37	41	楔蛾		2	2	5
D5064	37	41	角蝇		2	1	5
D5064	37	41	祖玛卫士	2	1	3
D5064	63	41	祖玛雕像	2	1	3
D5064	63	41	楔蛾		2	2	5
D5064	63	41	角蝇		2	1	5
D5064	63	41	祖玛弓箭手	2	1	3
D5064	63	41	祖玛卫士	2	1	3
D5064	89	41	祖玛雕像	2	1	3
D5064	89	41	祖玛卫士	2	1	3
D5064	89	41	楔蛾		2	2	5
D5064	89	41	角蝇		2	1	5
D5064	89	41	祖玛弓箭手	2	1	3
D5064	12	74	祖玛雕像	2	1	3
D5064	12	74	祖玛卫士	2	1	3
D5064	12	74	楔蛾		2	2	5
D5064	12	74	角蝇		2	1	5
D5064	12	74	祖玛弓箭手	2	1	3
D5064	37	73	祖玛雕像	2	1	3
D5064	37	73	祖玛卫士	2	1	3
D5064	37	73	楔蛾		2	2	5
D5064	37	73	角蝇		2	1	5
D5064	37	73	祖玛弓箭手	2	1	3
D5064	63	73	祖玛雕像	2	1	3
D5064	63	73	祖玛卫士	2	1	3
D5064	63	73	楔蛾		2	2	5
D5064	63	73	角蝇		2	1	5
D5064	63	73	祖玛弓箭手	2	1	3
D5064	87	73	祖玛雕像	2	1	3
D5064	87	73	祖玛卫士	2	1	3
D5064	87	73	楔蛾		2	2	5
D5064	87	73	角蝇		2	1	5
D5064	87	73	祖玛弓箭手	2	1	3
D5064	50	50	祖玛雕像0	50	2	60
D5064	50	50	祖玛卫士0	50	2	60
D5064	50	50	祖玛弓箭手0	50	2	60

D5065	11	13	祖玛雕像	2	1	3
D5065	11	13	祖玛弓箭手	2	1	3
D5065	11	13	祖玛卫士	2	1	3
D5065	11	13	楔蛾		2	2	5
D5065	11	13	角蝇		2	1	5
D5065	37	13	祖玛雕像	2	1	3
D5065	37	13	祖玛弓箭手	2	1	3
D5065	37	13	祖玛卫士	2	1	3
D5065	37	13	楔蛾		2	2	5
D5065	37	13	角蝇		2	1	5
D5065	63	13	祖玛雕像	2	1	3
D5065	63	13	祖玛卫士	2	1	3
D5065	63	13	楔蛾		2	2	5
D5065	63	13	角蝇		2	1	5
D5065	63	13	祖玛弓箭手	2	1	3
D5065	88	14	祖玛雕像	2	1	3
D5065	88	14	祖玛卫士	2	1	3
D5065	88	14	楔蛾		2	2	5
D5065	88	14	角蝇		2	1	5
D5065	88	14	祖玛弓箭手	2	1	3
D5065	11	41	祖玛雕像	2	1	3
D5065	11	41	祖玛卫士	2	1	3
D5065	11	41	楔蛾		2	2	5
D5065	11	41	角蝇		2	1	5
D5065	11	41	祖玛弓箭手	2	1	3
D5065	37	41	祖玛卫士	2	1	3
D5065	37	41	祖玛雕像	2	1	3
D5065	37	41	楔蛾		2	2	5
D5065	37	41	角蝇		2	1	5
D5065	37	41	祖玛卫士	2	1	3
D5065	89	41	祖玛雕像	2	1	3
D5065	63	41	祖玛卫士	2	1	3
D5065	89	41	祖玛卫士	2	1	3
D5065	89	41	楔蛾		2	2	5
D5065	89	41	角蝇		2	1	5
D5065	89	41	祖玛弓箭手	2	1	3
D5065	12	74	祖玛雕像	2	1	3
D5065	12	74	祖玛卫士	2	1	3
D5065	12	74	楔蛾		2	2	5
D5065	12	74	角蝇		2	1	5
D5065	12	74	祖玛弓箭手	2	1	3
D5065	37	73	祖玛雕像	2	1	3
D5065	37	73	祖玛卫士	2	1	3
D5065	37	73	楔蛾		2	2	5
D5065	37	73	角蝇		2	1	5
D5065	37	73	祖玛弓箭手	2	1	3
D5065	63	73	祖玛雕像	2	1	3
D5065	63	73	祖玛卫士	2	1	3
D5065	63	73	楔蛾		2	2	5
D5065	63	73	角蝇		2	1	5
D5065	63	73	祖玛弓箭手	2	1	3
D5065	87	73	祖玛雕像	2	1	3
D5065	87	73	祖玛卫士	2	1	3
D5065	87	73	楔蛾		2	2	5
D5065	87	73	角蝇		2	1	5
D5065	87	73	祖玛弓箭手	2	1	3
D5065	50	50	祖玛雕像0	50	2	60
D5065	50	50	祖玛卫士0	50	2	60
D5065	50	50	祖玛弓箭手0	50	2	60

D5066	11	13	祖玛雕像	2	1	3
D5066	11	13	祖玛弓箭手	2	1	3
D5066	11	13	祖玛卫士	2	1	3
D5066	11	13	楔蛾		2	2	5
D5066	11	13	角蝇		2	1	5
D5066	37	13	祖玛雕像	2	1	3
D5066	37	13	祖玛弓箭手	2	1	3
D5066	37	13	祖玛卫士	2	1	3
D5066	37	13	楔蛾		2	2	5
D5066	37	13	角蝇		2	1	5
D5066	63	13	祖玛雕像	2	1	3
D5066	63	13	祖玛卫士	2	1	3
D5066	63	13	楔蛾		2	2	5
D5066	63	13	角蝇		2	1	5
D5066	63	13	祖玛弓箭手	2	1	3
D5066	88	14	祖玛雕像	2	1	3
D5066	88	14	祖玛卫士	2	1	3
D5066	88	14	楔蛾		2	2	5
D5066	88	14	角蝇		2	1	5
D5066	88	14	祖玛弓箭手	2	1	3
D5066	11	41	祖玛雕像	2	1	3
D5066	11	41	祖玛卫士	2	1	3
D5066	11	41	楔蛾		2	2	5
D5066	11	41	角蝇		2	1	5
D5066	11	41	祖玛弓箭手	2	1	3
D5066	37	41	祖玛卫士	2	1	3
D5066	37	41	祖玛雕像	2	1	3
D5066	37	41	楔蛾		2	2	5
D5066	37	41	角蝇		2	1	5
D5066	37	41	祖玛卫士	2	1	3
D5066	63	41	祖玛雕像	2	1	3
D5066	63	41	楔蛾		2	2	5
D5066	63	41	角蝇		2	1	5
D5066	63	41	祖玛弓箭手	2	1	3
D5066	89	41	祖玛雕像	2	1	3
D5066	63	41	祖玛卫士	2	1	3
D5066	89	41	祖玛卫士	2	1	3
D5066	89	41	楔蛾		2	2	5
D5066	89	41	角蝇		2	1	5
D5066	89	41	祖玛弓箭手	2	1	3
D5066	12	74	祖玛雕像	2	1	3
D5066	12	74	祖玛卫士	2	1	3
D5066	12	74	楔蛾		2	2	5
D5066	12	74	角蝇		2	1	5
D5066	12	74	祖玛弓箭手	2	1	3
D5066	37	73	祖玛雕像	2	1	3
D5066	37	73	祖玛卫士	2	1	3
D5066	37	73	楔蛾		2	2	5
D5066	37	73	角蝇		2	1	5
D5066	37	73	祖玛弓箭手	2	1	3
D5066	63	73	祖玛雕像	2	1	3
D5066	63	73	祖玛卫士	2	1	3
D5066	63	73	楔蛾		2	2	5
D5066	63	73	角蝇		2	1	5
D5066	63	73	祖玛弓箭手	2	1	3
D5066	87	73	祖玛雕像	2	1	3
D5066	87	73	祖玛卫士	2	1	3
D5066	87	73	楔蛾		2	2	5
D5066	87	73	角蝇		2	1	5
D5066	87	73	祖玛弓箭手	2	1	3
D5066	50	50	祖玛雕像0	50	2	60
D5066	50	50	祖玛卫士0	50	2	60
D5066	50	50	祖玛弓箭手0	50	2	60

D5067	11	13	祖玛雕像	2	1	3
D5067	11	13	祖玛弓箭手	2	1	3
D5067	11	13	祖玛卫士	2	1	3
D5067	11	13	楔蛾		2	2	5
D5067	11	13	角蝇		2	1	5
D5067	37	13	祖玛雕像	2	1	3
D5067	37	13	祖玛弓箭手	2	1	3
D5067	37	13	祖玛卫士	2	1	3
D5067	37	13	楔蛾		2	2	5
D5067	37	13	角蝇		2	1	5
D5067	63	13	祖玛雕像	2	1	3
D5067	63	13	祖玛卫士	2	1	3
D5067	63	13	楔蛾		2	2	5
D5067	63	13	角蝇		2	1	5
D5067	63	13	祖玛弓箭手	2	1	3
D5067	88	14	祖玛雕像	2	1	3
D5067	88	14	祖玛卫士	2	1	3
D5067	88	14	楔蛾		2	2	5
D5067	88	14	角蝇		2	1	5
D5067	88	14	祖玛弓箭手	2	1	3
D5067	11	41	祖玛雕像	2	1	3
D5067	11	41	祖玛卫士	2	1	3
D5067	11	41	楔蛾		2	2	5
D5067	11	41	角蝇		2	1	5
D5067	11	41	祖玛弓箭手	2	1	3
D5067	37	41	祖玛卫士	2	1	3
D5067	37	41	祖玛雕像	2	1	3
D5067	37	41	楔蛾		2	2	5
D5067	37	41	角蝇		2	1	5
D5067	37	41	祖玛卫士	2	1	3
D5067	63	41	祖玛雕像	2	1	3
D5067	63	41	楔蛾		2	2	5
D5067	63	41	角蝇		2	1	5
D5067	63	41	祖玛弓箭手	2	1	3
D5067	89	41	祖玛雕像	2	1	3
D5067	63	41	祖玛卫士	2	1	3
D5067	89	41	祖玛卫士	2	1	3
D5067	89	41	楔蛾		2	2	5
D5067	89	41	角蝇		2	1	5
D5067	89	41	祖玛弓箭手	2	1	3
D5067	12	74	祖玛雕像	2	1	3
D5067	12	74	祖玛卫士	2	1	3
D5067	12	74	楔蛾		2	2	5
D5067	12	74	角蝇		2	1	5
D5067	12	74	祖玛弓箭手	2	1	3
D5067	37	73	祖玛雕像	2	1	3
D5067	37	73	祖玛卫士	2	1	3
D5067	37	73	楔蛾		2	2	5
D5067	37	73	角蝇		2	1	5
D5067	37	73	祖玛弓箭手	2	1	3
D5067	63	73	祖玛雕像	2	1	3
D5067	63	73	祖玛卫士	2	1	3
D5067	63	73	楔蛾		2	2	5
D5067	63	73	角蝇		2	1	5
D5067	63	73	祖玛弓箭手	2	1	3
D5067	87	73	祖玛雕像	2	1	3
D5067	87	73	祖玛卫士	2	1	3
D5067	87	73	楔蛾		2	2	5
D5067	87	73	角蝇		2	1	5
D5067	87	73	祖玛弓箭手	2	1	3
D5067	50	50	祖玛雕像0	50	2	60
D5067	50	50	祖玛卫士0	50	2	60
D5067	50	50	祖玛弓箭手0	50	2	60

D5068	11	13	祖玛雕像	2	1	3
D5068	11	13	祖玛弓箭手	2	1	3
D5068	11	13	祖玛卫士	2	1	3
D5068	11	13	楔蛾		2	2	5
D5068	11	13	角蝇		2	1	5
D5068	37	13	祖玛雕像	2	1	3
D5068	37	13	祖玛弓箭手	2	1	3
D5068	37	13	祖玛卫士	2	1	3
D5068	37	13	楔蛾		2	2	5
D5068	37	13	角蝇		2	1	5
D5068	63	13	祖玛雕像	2	1	3
D5068	63	13	祖玛卫士	2	1	3
D5068	63	13	楔蛾		2	2	5
D5068	63	13	角蝇		2	1	5
D5068	63	13	祖玛弓箭手	2	1	3
D5068	88	14	祖玛雕像	2	1	3
D5068	88	14	祖玛卫士	2	1	3
D5068	88	14	楔蛾		2	2	5
D5068	88	14	角蝇		2	1	5
D5068	88	14	祖玛弓箭手	2	1	3
D5068	11	41	祖玛雕像	2	1	3
D5068	11	41	祖玛卫士	2	1	3
D5068	11	41	楔蛾		2	2	5
D5068	11	41	角蝇		2	1	5
D5068	11	41	祖玛弓箭手	2	1	3
D5068	37	41	祖玛卫士	2	1	3
D5068	37	41	祖玛雕像	2	1	3
D5068	37	41	楔蛾		2	2	5
D5068	37	41	角蝇		2	1	5
D5068	37	41	祖玛卫士	2	1	3
D5068	63	41	祖玛雕像	2	1	3
D5068	63	41	楔蛾		2	2	5
D5068	63	41	角蝇		2	1	5
D5068	63	41	祖玛弓箭手	2	1	3
D5068	89	41	祖玛雕像	2	1	3
D5068	63	41	祖玛卫士	2	1	3
D5068	89	41	祖玛卫士	2	1	3
D5068	89	41	楔蛾		2	2	5
D5068	89	41	角蝇		2	1	5
D5068	89	41	祖玛弓箭手	2	1	3
D5068	12	74	祖玛雕像	2	1	3
D5068	12	74	祖玛卫士	2	1	3
D5068	12	74	楔蛾		2	2	5
D5068	12	74	角蝇		2	1	5
D5068	12	74	祖玛弓箭手	2	1	3
D5068	37	73	祖玛雕像	2	1	3
D5068	37	73	祖玛卫士	2	1	3
D5068	37	73	楔蛾		2	2	5
D5068	37	73	角蝇		2	1	5
D5068	37	73	祖玛弓箭手	2	1	3
D5068	63	73	祖玛雕像	2	1	3
D5068	63	73	祖玛卫士	2	1	3
D5068	63	73	楔蛾		2	2	5
D5068	63	73	角蝇		2	1	5
D5068	63	73	祖玛弓箭手	2	1	3
D5068	87	73	祖玛雕像	2	1	3
D5068	87	73	祖玛卫士	2	1	3
D5068	87	73	楔蛾		2	2	5
D5068	87	73	角蝇		2	1	5
D5068	87	73	祖玛弓箭手	2	1	3
D5068	50	50	祖玛雕像0	50	2	60
D5068	50	50	祖玛卫士0	50	2	60
D5068	50	50	祖玛弓箭手0	50	2	60

D5069	11	13	祖玛雕像	2	1	3
D5069	11	13	祖玛弓箭手	2	1	3
D5069	11	13	祖玛卫士	2	1	3
D5069	11	13	楔蛾		2	2	5
D5069	11	13	角蝇		2	1	5
D5069	37	13	祖玛雕像	2	1	3
D5069	37	13	祖玛弓箭手	2	1	3
D5069	37	13	祖玛卫士	2	1	3
D5069	37	13	楔蛾		2	2	5
D5069	37	13	角蝇		2	1	5
D5069	63	13	祖玛雕像	2	1	3
D5069	63	13	祖玛卫士	2	1	3
D5069	63	13	楔蛾		2	2	5
D5069	63	13	角蝇		2	1	5
D5069	63	13	祖玛弓箭手	2	1	3
D5069	88	14	祖玛雕像	2	1	3
D5069	88	14	祖玛卫士	2	1	3
D5069	88	14	楔蛾		2	2	5
D5069	88	14	角蝇		2	1	5
D5069	88	14	祖玛弓箭手	2	1	3
D5069	11	41	祖玛雕像	2	1	3
D5069	11	41	祖玛卫士	2	1	3
D5069	11	41	楔蛾		2	2	5
D5069	11	41	角蝇		2	1	5
D5069	11	41	祖玛弓箭手	2	1	3
D5069	37	41	祖玛卫士	2	1	3
D5069	37	41	祖玛雕像	2	1	3
D5069	37	41	楔蛾		2	2	5
D5069	37	41	角蝇		2	1	5
D5069	37	41	祖玛卫士	2	1	3
D5069	63	41	祖玛雕像	2	1	3
D5069	63	41	楔蛾		2	2	5
D5069	63	41	角蝇		2	1	5
D5069	63	41	祖玛弓箭手	2	1	3
D5069	89	41	祖玛雕像	2	1	3
D5069	63	41	祖玛卫士	2	1	3
D5069	89	41	祖玛卫士	2	1	3
D5069	89	41	楔蛾		2	2	5
D5069	89	41	角蝇		2	1	5
D5069	89	41	祖玛弓箭手	2	1	3
D5069	12	74	祖玛雕像	2	1	3
D5069	12	74	祖玛卫士	2	1	3
D5069	12	74	楔蛾		2	2	5
D5069	12	74	角蝇		2	1	5
D5069	12	74	祖玛弓箭手	2	1	3
D5069	37	73	祖玛雕像	2	1	3
D5069	37	73	祖玛卫士	2	1	3
D5069	37	73	楔蛾		2	2	5
D5069	37	73	角蝇		2	1	5
D5069	37	73	祖玛弓箭手	2	1	3
D5069	63	73	祖玛雕像	2	1	3
D5069	63	73	祖玛卫士	2	1	3
D5069	63	73	楔蛾		2	2	5
D5069	63	73	角蝇		2	1	5
D5069	63	73	祖玛弓箭手	2	1	3
D5069	87	73	祖玛雕像	2	1	3
D5069	87	73	祖玛卫士	2	1	3
D5069	87	73	楔蛾		2	2	5
D5069	87	73	角蝇		2	1	5
D5069	87	73	祖玛弓箭手	2	1	3
D5069	50	50	祖玛雕像0	50	2	60
D5069	50	50	祖玛卫士0	50	2	60
D5069	50	50	祖玛弓箭手0	50	2	60

D5072	50	50	祖玛雕像	50	45	28
D5072	50	50	祖玛卫士	50	45	29
D5072	50	50	祖玛弓箭手	50	45	10
D5072	50	50	楔蛾		50	45	17
D5072	50	50	角蝇		50	5	11
D5072	50	50	祖玛雕像3	50	12	60
D5072	50	50	祖玛卫士3	50	12	60
D5072	50	50	祖玛弓箭手3	50	13	60
D5072	50	50	祖玛雕像0	50	2	60
D5072	50	50	祖玛卫士0	50	2	60
D5072	50	50	祖玛弓箭手0	50	2	60

D5073	50	50	祖玛雕像	50	45	8
D5073	50	50	祖玛卫士	50	45	10
D5073	50	50	祖玛弓箭手	50	45	12
D5073	50	50	楔蛾 		50	45	13
D5073	50	50	角蝇		50	5	10
D5073	53	15	祖玛雕像	10	10	12
D5073	53	15	祖玛弓箭手	10	20	14
D5073	53	15	祖玛卫士	10	10	15
D5073	50	50	祖玛雕像3	50	12	60
D5073	50	50	祖玛卫士3	50	12	60
D5073	50	50	祖玛弓箭手3	50	13	60
D5073	50	50	祖玛雕像0	50	2	60
D5073	50	50	祖玛卫士0	50	2	60
D5073	50	50	祖玛弓箭手0	50	2	60

D5074	50	50	祖玛雕像	50	45	8
D5074	50	50	祖玛卫士	50	45	9
D5074	50	50	祖玛弓箭手	50	45	10
D5074	50	50	楔蛾		50	45	11
D5074	50	50	角蝇		50	5	12
D5074	73	22	祖玛雕像	7	10	11
D5074	73	22	祖玛卫士	7	10	14
D5074	73	22	祖玛弓箭手	7	10	15
D5074	73	22	楔蛾		7	10	16
D5074	73	22	角蝇		7	3	17
D5074	50	50	祖玛雕像3	50	15	60
D5074	50	50	祖玛卫士3	50	15	60
D5074	50	50	祖玛弓箭手3	50	15	60
D5074	50	50	祖玛雕像0	50	2	30
D5074	50	50	祖玛卫士0	50	2	30
D5074	50	50	祖玛弓箭手0	50	2	30


D515	22	20	角蝇		20	4	16
D515  	73    	22    	楔蛾            7     	30     	11
D515	19	24	祖玛教主	0	1	180

;-----------------------[蜈蚣洞]-------------------------
D601 	155 	61 	巨型蠕虫 	20 	20 	6
D601	155 	61 	蜈蚣		20 	20 	7
D601 	155 	61 	黑色恶蛆 	20 	20 	8
D601 	155 	61 	跳跳蜂		20 	20 	9
D601	40	27	蜈蚣		50	25	6
D601	18	166	蜈蚣		50	25	7
D601	161	208	蜈蚣		50	25	9
D601	84	104	蜈蚣		50	25	10
D601	187	36	蜈蚣		50	25	11
D601	144	73	蜈蚣		50	25	12
D601	100	100	蜈蚣		100	10	13
D601	100	100	蜈蚣		100	10	10
D601	40	27	跳跳蜂		50	25	8
D601	18	166	跳跳蜂		50	25	9
D601	161	208	跳跳蜂		50	25	10
D601	84	104	巨型蠕虫	50	25	11
D601	187	36	巨型蠕虫	50	25	12
D601	144	73	巨型蠕虫	50	25	14
D601	40	27	黑色恶蛆	50	5	16
D601	18	166	黑色恶蛆	50	5	13
D601	161	208	黑色恶蛆	50	5	12
D601	84	104	黑色恶蛆	50	5	14
D601	187	36	黑色恶蛆	50	5	10
D601	144	73	黑色恶蛆	50	5	6
D601	100	100	蜈蚣0		100	4	10
D601	100	100	跳跳蜂0		100	2	11
D601	100	100	巨型蠕虫0	100	2	12
D601	100	100	黑色恶蛆0	100	4	13

D602	60	47	蜈蚣		60	18	26
D602	101	101	蜈蚣		60	18	27
D602	78	167	蜈蚣		60	18	28
D602	144	151	蜈蚣		60	18	19
D602	178	43	蜈蚣		60	18	20
D602	100	100	蜈蚣		100	10	20
D602	100	100	蜈蚣		100	10	20
D602	60	47	钳虫		60	14	26
D602	101	101	钳虫		60	14	37
D602	78	167	钳虫		60	14	38
D602	144	151	钳虫		60	14	29
D602	178	43	钳虫		60	14	20
D602	100	100	钳虫		100	10	20
D602	100	100	钳虫		100	10	20
D602	60	47	黑色恶蛆	60	8	26
D602	101	101	黑色恶蛆	60	8	17
D602	78	167	黑色恶蛆	60	8	18
D602	144	151	黑色恶蛆	60	8	16
D602	178	43	黑色恶蛆	60	8	16
D62	100	100	邪恶钳虫	100	1	90
D602	100	100	蜈蚣0		100	4	10
D602	100	100	钳虫0		100	2	10
D602	100	100	黑色恶蛆0	100	4	10

D603	76	94	黑色恶蛆	60	10	17
D603	60	150	黑色恶蛆	60	10	18
D603	159	59	黑色恶蛆	60	10	29
D603	138	161	黑色恶蛆	60	10	27
D603	76	94	钳虫		60	20	27
D603	60	150	钳虫		60	20	25
D603	159	59	钳虫		60	20	20
D603	138	161	钳虫		60	20	28
D603	76	94	蜈蚣		60	20	27
D603	60	150	蜈蚣		60	20	28
D603	159	59	蜈蚣		60	20	29
D603	138	161	蜈蚣		60	20	27
D603	100	100	蜈蚣		100	10	20
D603	100	100	蜈蚣		100	10	20
D603	100	100	钳虫		100	10	20
D603	100	100	钳虫		100	10	20
D603	100	100	邪恶钳虫	100	1	90
D603	100	100	黑色恶蛆0	100	2	20
D603	100	100	钳虫0		100	2	20
D603	100	100	蜈蚣0		100	2	20

D604	35	42	黑色恶蛆	60	15	17
D604	52	130	黑色恶蛆	60	15	18
D604	148	50	黑色恶蛆	60	15	17
D604	118	112	黑色恶蛆	60	15	17
D604	35	42	跳跳蜂		60	15	17
D604	52	130	跳跳蜂		60	15	19
D604	148	50	跳跳蜂		60	15	17
D604	118	112	跳跳蜂		60	15	17
D604	35	42	钳虫		60	20	18
D604	52	130	钳虫		60	20	17
D604	148	50	钳虫		60	20	19
D604	118	112	钳虫		60	20	17
D604	35	42	蜈蚣		60	20	17
D604	52	130	蜈蚣		60	20	18
D604	148	50	蜈蚣		60	20	19
D604	118	112	蜈蚣		60	20	17
D604	100	100	钳虫		100	10	20
D604	100	100	钳虫		100	10	20
D604	100	100	蜈蚣		100	10	20
D604	100	100	蜈蚣		100	10	130
D604	100	100	邪恶钳虫	100	1	90
D604	100	100	黑色恶蛆0	100	4	20
D604	100	100	跳跳蜂0		100	4	20
D604	100	100	钳虫0		100	4	20
D604	100	100	蜈蚣0		100	4	20

D605	55	27	黑色恶蛆	50	12	27
D605	89	81	黑色恶蛆	50	12	25
D605	51	131	黑色恶蛆	50	12	29
D605	126	37	黑色恶蛆	50	12	20
D605	162	92	黑色恶蛆	50	12	21
D605	55	27	巨型蠕虫	50	8	21
D605	89	81	巨型蠕虫	50	8	22
D605	51	131	巨型蠕虫	50	8	23
D605	126	37	巨型蠕虫	50	8	24
D605	162	92	巨型蠕虫	50	8	15
D605	55	27	钳虫		50	12	17
D605	89	81	钳虫		50	12	21
D605	51	131	钳虫		50	12	22
D605	126	37	钳虫		50	12	23
D605	162	92	钳虫		50	12	24
D605	55	27	蜈蚣		50	12	22
D605	89	81	蜈蚣		50	12	23
D605	51	131	蜈蚣		50	12	18
D605	126	37	蜈蚣		50	12	19
D605	162	92	蜈蚣		50	12	17
D605	100	100	钳虫		100	10	110
D605	100	100	钳虫		100	10	110
D605	100	100	蜈蚣		100	10	110
D605	100	100	蜈蚣		100	10	110
D605	100	100	邪恶钳虫	100	1	90
D605	100	100	黑色恶蛆0	100	4	20
D605	100	100	巨型蠕虫0	100	4	20
D605	100	100	钳虫0		100	4	20
D605	100	100	蜈蚣0		100	4	20

D606	19	39	黑色恶蛆	70	20	17
D606	97	81	黑色恶蛆	70	20	18
D606	57	166	黑色恶蛆	70	20	19
D606	178	127	黑色恶蛆	70	20	27
D606	19	39	跳跳蜂		70	8	10
D606	97	81	跳跳蜂		70	8	11
D606	57	166	跳跳蜂		70	8	12
D606	178	127	跳跳蜂		70	8	13
D606	19	39	巨型蠕虫	70	8	27
D606	97	81	巨型蠕虫	70	8	28
D606	57	166	巨型蠕虫	70	8	29
D606	178	127	巨型蠕虫	70	8	27
D606	19	39	钳虫		70	20	13
D606	97	81	钳虫		70	20	13
D606	57	166	钳虫		70	20	14
D606	178	127	钳虫		70	20	17
D606	100	100	钳虫		100	10	10
D606	100	100	钳虫		100	10	10
D606	100	100	蜈蚣		100	80	27
D606	100	100	蜈蚣		100	10	10
D606	100	100	蜈蚣		100	10	10
D606	100	100	邪恶钳虫	100	2	90

D606	100	100	蜈蚣0		50	4	20
D606	100	100	跳跳蜂0		50	4	21
D606	100	100	巨型蠕虫0	50	4	22
D606	100	100	钳虫0		50	6	23

D606	77	170	蜈蚣		6	32	5
D606	83	168	触龙神		0	1	120

;-----------------------[暗黑地带]-----------------------
D612	70	76	黑色恶蛆	70	10	17
D612	210	72	黑色恶蛆	70	10	18
D612	70	76	跳跳蜂		70	10	17
D612	210	72	跳跳蜂		70	10	18
D612	79	220	跳跳蜂		70	10	19
D612	200	213	跳跳蜂		70	10	10
D612	70	76	跳跳蜂		70	10	18
D612	79	220	巨型蠕虫	70	10	17
D612	200	213	巨型蠕虫	70	10	17
D612	70	76	钳虫		70	20	17
D612	57	166	钳虫		70	20	17
D612	178	127	钳虫		70	20	17
D612	150	150	钳虫		100	10	10 
D612	150	150	钳虫		100	10	10
D612	150	150	蜈蚣		100	10	10 
D612	150	150	蜈蚣		100	10	10 
D612	150	170	邪恶钳虫	150	1	60
D612	150	170	邪恶钳虫2 	150	1	30

D612	150	170	蜈蚣0		100	2	20
D612	150	170	跳跳蜂0		100	2	21
D612	150	170	巨型蠕虫0	100	2	22
D612	150	170	钳虫0		100	4	23
D612	150	170	黑色恶蛆0	100	2	20

D613	19	17	钳虫		50	15	17
D613	41	23	钳虫		50	20	18
D613	52	33	钳虫		50	20	19
D613	64	47	钳虫		50	15	17
D613	79	54	钳虫		50	20	18
D613	77	74	钳虫		50	20	19
D613	53	76	钳虫		50	15	17
D613	44	59	钳虫		50	20	18
D613	28	62	钳虫		50	20	17
D613	18	56	钳虫		50	5	17
D613	50	50	黑色恶蛆	70	10	17
D613	50	50	跳跳蜂		70	10	17
D613	50	50	蜈蚣		70	20	27
D613	50	50	巨型蠕虫	70	10	27
D613	50	50	蜈蚣0		70	2	20
D613	50	50	跳跳蜂0		70	2	21
D613	50	50	巨型蠕虫0	70	4	24
D613	50	50	钳虫0		70	6	23
D613	50	50	黑色恶蛆0	70	4	22
D613	50	50	邪恶钳虫2	70	2	15

D614	67	79	黑色恶蛆	50	5	17
D614	53	71	黑色恶蛆	50	10	28
D614	23	82	黑色恶蛆	50	10	29
D614	27	62	黑色恶蛆	50	5	10
D614	18	29	黑色恶蛆	50	10	11
D614	42	22	黑色恶蛆	50	10	12
D614	60	20	黑色恶蛆	50	5	13
D614	77	32	黑色恶蛆	50	10	14
D614	60	48	黑色恶蛆	50	10	15
D614	87	24	黑色恶蛆	50	5	16
D614	50	50	钳虫		70	15	17
D614	50	50	跳跳蜂		70	15	18
D614	50	50	蜈蚣		70	20	19
D614	50	50	巨型蠕虫	70	15	17
D614	50	50	蜈蚣0		70	4	20
D614	50	50	跳跳蜂0		70	4	21
D614	50	50	巨型蠕虫0	70	2	22
D614	50	50	钳虫0		70	2	23
D614	50	50	黑色恶蛆0	70	6	24
D614	50	50	邪恶钳虫2	70	2	15

D615	82 	78	巨型蠕虫	50	5	27
D615	81	54	巨型蠕虫	50	10	28
D615	79 	30	巨型蠕虫	50	10	29
D615	60 	22	巨型蠕虫	50	5	10
D615	44 	16	巨型蠕虫	50	10	11
D615	16 	58	巨型蠕虫	50	5	12
D615	17 	81	巨型蠕虫	50	10	27
D615	51 	55	巨型蠕虫	50	10	27
D615	49 	81	巨型蠕虫	50	5	27
D615	50	50	黑色恶蛆	70	15	27
D615	50	50	跳跳蜂		70	15	27
D615	50	50	蜈蚣		70	15	27
D615	50	50	钳虫		70	20	17
D615	50	50	蜈蚣0		70	4	21
D615	50	50	跳跳蜂0		70	4	22
D615	50	50	巨型蠕虫0	70	4	23
D615	50	50	钳虫0		70	2	24
D615	50	50	黑色恶蛆0	70	2	20


D616	20 	21	跳跳蜂		50	10	17
D616	23 	38	跳跳蜂		50	5	18
D616	25 	62	跳跳蜂		50	5	19
D616	11 	71	跳跳蜂		50	10	10
D616	62 	66	跳跳蜂		50	5	11
D616	59 	27	跳跳蜂		50	5	17
D616	77 	85	跳跳蜂		50	10	18
D616	83 	55	跳跳蜂		50	5	19
D616	73 	44	跳跳蜂		50	5	10
D616	82 	21	跳跳蜂		50	10	17
D616	50	50	黑色恶蛆	70	15	27
D616	50	50	巨型蠕虫	70	15	27
D616	50	50	蜈蚣		70	15	28
D616	50	50	钳虫		70	20	27
D616	50	50	蜈蚣0		70	2	20
D616	50	50	跳跳蜂0		70	6	21
D616	50	50	巨型蠕虫0	70	4	22
D616	50	50	钳虫0		70	2	23
D616	50	50	黑色恶蛆0	70	2	24


D617	51	45	蜈蚣		50	15	17
D617	28	35	蜈蚣		50	10	18
D617	20	66	蜈蚣		50	15	29
D617	45	81	蜈蚣		50	10	10
D617	69	84	蜈蚣		50	15	11
D617	69	61	蜈蚣		50	10	12
D617	83	42	蜈蚣		50	15	19
D617	80	17	蜈蚣		50	10	18
D617	87	72	蜈蚣		50	15	20
D617	82	21	蜈蚣		50	10	17
D617	50	50	黑色恶蛆	70	15	17
D617	50	50	巨型蠕虫	70	15	17
D617	50	50	跳跳蜂		70	15	17
D617	50	50	钳虫		70	20	27
D617	50	50	蜈蚣0		70	6	20
D617	50	50	跳跳蜂0		70	4	21
D617	50	50	巨型蠕虫0	70	2	22
D617	50	50	钳虫0		70	2	23
D617	50	50	黑色恶蛆0	70	4	20


D618	19	39	黑色恶蛆	70	20	17
D618	97	81	黑色恶蛆	70	20	18
D618	57	166	黑色恶蛆	70	20	19
D618	178	127	黑色恶蛆	70	20	17
D618	19	39	跳跳蜂		70	8	17
D618	97	81	跳跳蜂		70	8	18
D618	57	166	跳跳蜂		70	8	19
D618	178	127	跳跳蜂		70	8	19
D618	19	39	巨型蠕虫	70	8	18
D618	97	81	巨型蠕虫	70	8	17
D618	57	166	巨型蠕虫	70	8	18
D618	178	127	巨型蠕虫	70	8	17
D618	19	39	钳虫		70	30	17
D618	97	81	钳虫		70	30	19
D618	57	166	钳虫		70	30	17
D618	178	127	钳虫		70	30	18
D618	100	100	钳虫		100	10	20 
D618	100	100	钳虫		100	10	20
D618	100	100	蜈蚣		100	10	10 
D618	100	100	蜈蚣		100	10	10 
D618	100	100	邪恶钳虫	100	2	60
D618	100	100	蜈蚣0		70	2	20
D618	100	100	跳跳蜂0		70	4	21
D618	100	100	巨型蠕虫0	70	4	22
D618	100	100	钳虫0		70	4	23
D618	100	100	黑色恶蛆0	70	4	24

;-----------------------[秘密通道]------------------------
D701	100	100	僵尸5		100	20	10

;-----------------------[石墓洞穴]------------------------
D711	251	41	红野猪		30	1	10
D711	321	72	红野猪		30	1	11
D711	363	146	红野猪		30	1	12
D711	172	59	红野猪		30	1	13
D711	210	93	红野猪		30	1	14
D711	262	140	红野猪		30	1	11
D711	309	19	红野猪		30	1	12
D711	350	303	红野猪		30	1	13
D711	111	105	红野猪		30	1	10
D711	158	149	红野猪		30	1	11
D711	200	200	红野猪		30	1	12
D711	255	306	红野猪		30	1	13
D711	287	286	红野猪		30	1	10
D711	56	158	红野猪		30	1	11
D711	153	237	红野猪		30	7	12
D711	112	250	红野猪		30	7	13
D711	114	314	红野猪		30	7	10
D711	304	340	红野猪		30	7	11
D711	251	41	黑野猪		30	5	12
D711	321	72	黑野猪		30	5	13
D711	363	146	黑野猪		30	5	10
D711	172	59	黑野猪		30	5	11
D711	210	93	黑野猪		30	5	12
D711	262	140	黑野猪		30	5	10
D711	309	19	黑野猪		30	5	11
D711	350	303	黑野猪		30	5	10
D711	111	105	黑野猪		30	5	10
D711	158	149	黑野猪		30	5	10
D711	200	200	黑野猪		30	5	11
D711	255	306	黑野猪		30	5	13
D711	287	286	黑野猪		30	5	12
D711	56	158	黑野猪		30	5	10
D711	153	237	黑野猪		30	5	12
D711	112	250	黑野猪		30	5	10
D711	114	314	黑野猪		30	5	11
D711	304	340	黑野猪		30	5	10
D711	251	41	黑色恶蛆	30	8	10
D711	321	72	黑色恶蛆	30	8	10
D711	363	146	黑色恶蛆	30	8	11
D711	172	59	黑色恶蛆	30	8	12
D711	210	93	黑色恶蛆	30	8	14
D711	262	140	黑色恶蛆	30	8	13
D711	309	19	黑色恶蛆	30	8	10
D711	350	303	黑色恶蛆	30	8	11
D711	111	105	黑色恶蛆	30	8	12
D711	200	200	黑色恶蛆	30	8	12
D711	255	306	黑色恶蛆	30	8	10
D711	287	286	黑色恶蛆	30	8	13
D711	56	158	黑色恶蛆	30	8	10
D711	153	237	黑色恶蛆	30	8	14
D711	112	250	黑色恶蛆	30	8	10
D711	114	314	黑色恶蛆	30	8	10
D711	304	340	黑色恶蛆	30	8	10
D711	200	200	楔蛾		200	25	10
D711	200	200	红野猪0		200	2	30
D711	200	200	黑野猪0		200	2	31
D711	200	200	黑色恶蛆0	200	2	32

D712	251	41	红野猪		30	7	12
D712	321	72	红野猪		30	7	14
D712	363	146	红野猪		30	7	15
D712	172	59	红野猪		30	7	13
D712	210	93	红野猪		30	7	13
D712	262	140	红野猪		30	7	14
D712	309	19	红野猪		30	7	15
D712	350	303	红野猪		30	7	16
D712	111	105	红野猪		30	7	12
D712	158	149	红野猪		30	7	13
D712	200	200	红野猪		30	7	14
D712	255	306	红野猪		30	7	15
D712	287	286	红野猪		30	7	12
D712	56	158	红野猪		30	7	12
D712	153	237	红野猪		30	7	14
D712	112	250	红野猪		30	7	15
D712	114	314	红野猪		30	7	13
D712	304	340	红野猪		30	7	10
D712	251	41	黑野猪		30	5	10
D712	321	72	黑野猪		30	5	13
D712	363	146	黑野猪		30	5	12
D712	172	59	黑野猪		30	5	10
D712	210	93	黑野猪		30	5	12
D712	262	140	黑野猪		30	5	14
D712	309	19	黑野猪		30	5	15
D712	350	303	黑野猪		30	5	10
D712	111	105	黑野猪		30	5	16
D712	158	149	黑野猪		30	5	10
D712	200	200	黑野猪		30	5	17
D712	255	306	黑野猪		30	5	10
D712	287	286	黑野猪		30	5	18
D712	56	158	黑野猪		30	5	10
D712	153	237	黑野猪		30	5	11
D712	112	250	黑野猪		30	5	10
D712	114	314	黑野猪		30	5	12
D712	304	340	黑野猪		30	5	10
D712	100	100	黑野猪		100	3	5
D712	300	100	黑野猪		100	3	5
D712	100	300	黑野猪		100	3	5
D712	300	300	黑野猪		100	3	5
D712	251	41	黑色恶蛆	30	5	10
D712	321	72	黑色恶蛆	30	5	10
D712	363	146	黑色恶蛆	30	5	12
D712	172	59	黑色恶蛆	30	5	10
D712	210	93	黑色恶蛆	30	5	13
D712	262	140	黑色恶蛆	30	5	10
D712	309	19	黑色恶蛆	30	5	14
D712	350	303	黑色恶蛆	30	5	10
D712	111	105	黑色恶蛆	30	5	15
D712	158	149	黑色恶蛆	30	5	10
D712	200	200	黑色恶蛆	30	5	10
D712	255	306	黑色恶蛆	30	5	12
D712	287	286	黑色恶蛆	30	5	10
D712	56	158	黑色恶蛆	30	5	11
D712	153	237	黑色恶蛆	30	5	10
D712	112	250	黑色恶蛆	30	5	14
D712	114	314	黑色恶蛆	30	5	10
D712	304	340	黑色恶蛆	30	5	10
D712	200	200	楔蛾		200	35	10
D712	200	200	红野猪0		200	2	30
D712	200	200	黑野猪0		200	2	30
D712	200	200	黑色恶蛆0	200	2	30

D713	251	41	红野猪		30	7	10
D713	321	72	红野猪		30	7	12
D713	363	146	红野猪		30	7	10
D713	172	59	红野猪		30	7	14
D713	210	93	红野猪		30	7	10
D713	262	140	红野猪		30	7	10
D713	309	19	红野猪		30	7	13
D713	350	303	红野猪		30	7	10
D713	111	105	红野猪		30	7	14
D713	158	149	红野猪		30	7	10
D713	200	200	红野猪		30	7	13
D713	255	306	红野猪		30	7	15
D713	287	286	红野猪		30	7	10
D713	56	158	红野猪		30	7	15
D713	153	237	红野猪		30	7	12
D713	112	250	红野猪		30	7	10
D713	114	314	红野猪		30	7	13
D713	304	340	红野猪		30	7	10
D713	251	41	黑野猪		30	5	14
D713	321	72	黑野猪		30	5	10
D713	363	146	黑野猪		30	5	15
D713	172	59	黑野猪		30	5	16
D713	210	93	黑野猪		30	5	10
D713	262	140	黑野猪		30	5	19
D713	309	19	黑野猪		30	5	17
D713	350	303	黑野猪		30	5	10
D713	111	105	黑野猪		30	5	18
D713	158	149	黑野猪		30	5	10
D713	200	200	黑野猪		30	5	17
D713	255	306	黑野猪		30	5	18
D713	287	286	黑野猪		30	5	10
D713	56	158	黑野猪		30	5	15
D713	153	237	黑野猪		30	5	14
D713	112	250	黑野猪		30	5	13
D713	114	314	黑野猪		30	5	12
D713	304	340	黑野猪		30	5	10
D713	100	100	黑野猪		100	3	5
D713	300	100	黑野猪		100	3	5
D713	100	300	黑野猪		100	3	5
D713	300	300	黑野猪		100	3	5
D713	251	41	黑色恶蛆	30	5	10
D713	321	72	黑色恶蛆	30	5	10
D713	363	146	黑色恶蛆	30	5	12
D713	172	59	黑色恶蛆	30	5	13
D713	210	93	黑色恶蛆	30	5	14
D713	262	140	黑色恶蛆	30	5	15
D713	309	19	黑色恶蛆	30	5	16
D713	350	303	黑色恶蛆	30	5	17
D713	111	105	黑色恶蛆	30	5	18
D713	158	149	黑色恶蛆	30	5	10
D713	200	200	黑色恶蛆	30	5	12
D713	255	306	黑色恶蛆	30	5	13
D713	287	286	黑色恶蛆	30	5	14
D713	56	158	黑色恶蛆	30	5	15
D713	153	237	黑色恶蛆	30	5	16
D713	112	250	黑色恶蛆	30	5	17
D713	114	314	黑色恶蛆	30	5	18
D713	304	340	黑色恶蛆	30	5	10
D713	200	200	楔蛾		200	45	10
D713	100	100	黑色恶蛆	100	5	5
D713	300	100	黑色恶蛆	100	5	5
D713	100	300	黑色恶蛆	100	5	5
D713	300	300	黑色恶蛆	100	5	5
D713	200	200	角蝇		200	20	10
D713	200	200	蝎蛇		200	40	10
D713	200	200	红野猪0		200	2	30
D713	200	200	黑野猪0		200	2	30
D713	200	200	黑色恶蛆0	200	2	30
D713	200	200	蝎蛇0		200	2	30
D713	200	200	红野猪3		200	10	15
D713	200	200	黑野猪3		200	10	15
D713	200	200	蝎蛇3		200	10	15

D714	251	41	红野猪		30	7	10
D714	321	72	红野猪		30	7	12
D714	363	146	红野猪		30	7	14
D714	172	59	红野猪		30	7	16
D714	210	93	红野猪		30	7	15
D714	262	140	红野猪		30	7	14
D714	309	19	红野猪		30	7	10
D714	350	303	红野猪		30	7	16
D714	111	105	红野猪		30	7	12
D714	158	149	红野猪		30	7	11
D714	200	200	红野猪		30	7	10
D714	255	306	红野猪		30	7	10
D714	287	286	红野猪		30	7	17
D714	56	158	红野猪		30	7	18
D714	153	237	红野猪		30	7	19
D714	112	250	红野猪		30	7	10
D714	114	314	红野猪		30	7	12
D714	304	340	红野猪		30	7	20
D714	251	41	黑野猪		30	5	14
D714	321	72	黑野猪		30	5	15
D714	363	146	黑野猪		30	5	10
D714	172	59	黑野猪		30	5	11
D714	210	93	黑野猪		30	5	10
D714	262	140	黑野猪		30	5	13
D714	309	19	黑野猪		30	5	14
D714	350	303	黑野猪		30	5	10
D714	111	105	黑野猪		30	5	15
D714	158	149	黑野猪		30	5	10
D714	200	200	黑野猪		30	5	10
D714	255	306	黑野猪		30	5	12
D714	287	286	黑野猪		30	5	13
D714	56	158	黑野猪		30	5	14
D714	153	237	黑野猪		30	5	15
D714	112	250	黑野猪		30	5	20
D714	114	314	黑野猪		30	5	18
D714	304	340	黑野猪		30	5	10
D714	100	100	黑野猪		100	3	5
D714	300	100	黑野猪		100	3	5
D714	100	300	黑野猪		100	3	5
D714	300	300	黑野猪		100	3	5
D714	251	41	黑色恶蛆	30	5	10
D714	321	72	黑色恶蛆	30	5	10
D714	363	146	黑色恶蛆	30	5	12
D714	172	59	黑色恶蛆	30	5	14
D714	210	93	黑色恶蛆	30	5	15
D714	262	140	黑色恶蛆	30	5	16
D714	309	19	黑色恶蛆	30	5	17
D714	350	303	黑色恶蛆	30	5	10
D714	111	105	黑色恶蛆	30	5	18
D714	158	149	黑色恶蛆	30	5	14
D714	200	200	黑色恶蛆	30	5	13
D714	255	306	黑色恶蛆	30	5	12
D714	287	286	黑色恶蛆	30	5	14
D714	56	158	黑色恶蛆	30	5	15
D714	153	237	黑色恶蛆	30	5	10
D714	112	250	黑色恶蛆	30	5	17
D714	114	314	黑色恶蛆	30	5	19
D714	304	340	黑色恶蛆	30	5	10
D714	100	100	蝎蛇		100	3	5
D714	300	100	蝎蛇		100	3	5
D714	100	300	蝎蛇		100	3	5
D714	300	300	蝎蛇		100	3	5
D714	200	200	蝎蛇		200	50	10
D714	200	200	楔蛾		200	55	10
D714	200	200	白野猪		200	3	120
D714	200	200	角蝇		200	20	10
D714	200	200	红野猪0		200	2	15
D714	200	200	黑野猪0		200	2	15
D714	200	200	黑色恶蛆0	200	2	15
D714	200	200	蝎蛇0		200	2	15
D714	200	200	红野猪3		200	15	30
D714	200	200	黑野猪3		200	15	30
D714	200	200	蝎蛇3		200	15	30

D715	200	200	红野猪		200	100	10
D715	200	200	楔蛾		200	100	11
D715	200	200	蝎蛇		200	100	12
D715	200	200	黑野猪		200	100	13
D715	200	200	黑色恶蛆	200	100	14
D715	200	200	白野猪		200	3	120
D715	200	200	角蝇		200	30	10
D715	200	200	红野猪0		200	2	30
D715	200	200	黑野猪0		200	2	30
D715	200	200	黑色恶蛆0	200	2	30
D715	200	200	蝎蛇0		200	2	30
D715	200	200	红野猪3		200	20	15
D715	200	200	黑野猪3		200	20	15
D715	200	200	蝎蛇3		200	20	15

D71601	25	25	红野猪		25	10	10
D71601	25	25	黑野猪		25	10	10
D71601	25	25	楔蛾		25	10	10
D71601	25	25	蝎蛇		25	10	10
D71601	25	25	黑色恶蛆	25	10	10
D71601	25	25	角蝇		25	3	10
D71601	25	25	红野猪0		25	2	120
D71601	25	25	红野猪3		25	1	30
D71601	25	25	黑野猪3		25	1	30
D71601	25	25	蝎蛇3		25	1	30

D71602	25	25	红野猪		25	10	10
D71602	25	25	黑野猪		25	10	10
D71602	25	25	楔蛾		25	10	10
D71602	25	25	蝎蛇		25	10	10
D71602	25	25	黑色恶蛆	25	10	10
D71602	25	25	角蝇		25	3	10
D71602	25	25	黑野猪0		25	2	120
D71602	25	25	红野猪3		25	1	30
D71602	25	25	黑野猪3		25	1	30
D71602	25	25	蝎蛇3		25	1	30

D71603	25	25	红野猪		25	10	10
D71603	25	25	黑野猪		25	10	10
D71603	25	25	楔蛾		25	10	10
D71603	25	25	蝎蛇		25	10	10
D71603	25	25	黑色恶蛆	25	10	10
D71603	25	25	角蝇		25	3	10
D71603	25	25	黑色恶蛆0	25	2	120
D71603	25	25	红野猪3		25	1	30
D71603	25	25	黑野猪3		25	1	30
D71603	25	25	蝎蛇3		25	1	30

D71604	25	25	红野猪		25	10	10
D71604	25	25	黑野猪		25	10	10
D71604	25	25	楔蛾		25	10	10
D71604	25	25	蝎蛇		25	10	10
D71604	25	25	黑色恶蛆	25	10	10
D71604	25	25	角蝇		25	3	10
D71604	25	25	蝎蛇0		25	2	120
D71604	25	25	红野猪3		25	1	30
D71604	25	25	黑野猪3		25	1	30
D71604	25	25	蝎蛇3		25	1	30

D71605	25	25	红野猪		25	10	10
D71605	25	25	黑野猪		25	10	10
D71605	25	25	楔蛾		25	10	10
D71605	25	25	蝎蛇		25	10	10
D71605	25	25	黑色恶蛆	25	10	10
D71605	25	25	角蝇		25	3	10
D71605	25	25	红野猪0		25	2	120
D71605	25	25	红野猪3		25	1	30
D71605	25	25	黑野猪3		25	1	30
D71605	25	25	蝎蛇3		25	1	30

D71606	25	25	红野猪		25	10	10
D71606	25	25	黑野猪		25	10	10
D71606	25	25	楔蛾		25	10	10
D71606	25	25	蝎蛇		25	10	10
D71606	25	25	黑色恶蛆	25	10	10
D71606	25	25	角蝇		25	3	10
D71606	25	25	黑野猪0		25	2	120
D71606	25	25	红野猪3		25	1	30
D71606	25	25	黑野猪3		25	1	30
D71606	25	25	蝎蛇3		25	1	30

D71607	25	25	红野猪		25	10	10
D71607	25	25	黑野猪		25	10	10
D71607	25	25	楔蛾		25	10	10
D71607	25	25	蝎蛇		25	10	10
D71607	25	25	黑色恶蛆	25	10	10
D71607	25	25	角蝇		25	3	10
D71607	25	25	黑色恶蛆0	25	2	120
D71607	25	25	红野猪3		25	1	30
D71607	25	25	黑野猪3		25	1	30
D71607	25	25	蝎蛇3		25	1	30

D71608	25	25	红野猪		25	10	10
D71608	25	25	黑野猪		25	10	10
D71608	25	25	楔蛾		25	10	10
D71608	25	25	蝎蛇		25	10	10
D71608	25	25	黑色恶蛆	25	10	10
D71608	25	25	角蝇		25	3	10
D71608	25	25	蝎蛇0		25	2	120
D71608	25	25	红野猪3		25	1	30
D71608	25	25	黑野猪3		25	1	30
D71608	25	25	蝎蛇3		25	1	30

D71609	25	25	红野猪		25	10	20
D71609	25	25	黑野猪		25	10	20
D71609	25	25	楔蛾		25	10	20
D71609	25	25	蝎蛇		25	10	20
D71609	25	25	黑色恶蛆	25	10	20
D71609	25	25	角蝇		25	3	20
D71609	25	25	红野猪0		25	2	120
D71609	25	25	红野猪3		25	1	30
D71609	25	25	黑野猪3		25	1	30
D71609	25	25	蝎蛇3		25	1	30

D71610 25	25	红野猪		25	10	20
D71610 25	25	黑野猪		25	10	20
D71610 25	25	楔蛾		25	10	20
D71610 25	25	蝎蛇		25	10	20
D71610 25	25	黑色恶蛆	25	10	20
D71610 25	25	角蝇		25	3	20
D71610	25	25	黑野猪0		25	2	120
D71610	25	25	红野猪3		25	1	30
D71610	25	25	黑野猪3		25	1	30
D71610	25	25	蝎蛇3		25	1	30

D71611 25	25	红野猪		25	10	10
D71611 25	25	黑野猪		25	10	10
D71611 25	25	楔蛾		25	10	10
D71611 25	25	蝎蛇		25	10	10
D71611 25	25	黑色恶蛆	25	10	10
D71611 25	25	角蝇		25	3	10
D71611	25	25	黑色恶蛆0	25	2	120
D71611	25	25	红野猪3		25	1	30
D71611	25	25	黑野猪3		25	1	30
D71611	25	25	蝎蛇3		25	1	30

D71612	25	25	红野猪		25	10	20
D71612	25	25	黑野猪		25	10	20
D71612	25	25	楔蛾		25	10	20
D71612	25	25	蝎蛇		25	10	20
D71612	25	25	黑色恶蛆	25	10	20
D71612	25	25	角蝇		25	3	20
D71612	25	25	蝎蛇0		25	2	120
D71612	25	25	红野猪3		25	1	30
D71612	25	25	黑野猪3		25	1	30
D71612	25	25	蝎蛇3		25	1	30

D71613	25	25	红野猪		25	10	20
D71613	25	25	黑野猪		25	10	20
D71613	25	25	楔蛾		25	10	20
D71613	25	25	蝎蛇		25	10	20
D71613	25	25	黑色恶蛆	25	10	20
D71613	25	25	角蝇		25	3	20
D71613	25	25	红野猪0		25	2	120
D71613	25	25	红野猪3		25	1	30
D71613	25	25	黑野猪3		25	1	30
D71613	25	25	蝎蛇3		25	1	30

D71614	25	25	红野猪		25	10	10
D71614	25	25	黑野猪		25	10	10
D71614	25	25	楔蛾		25	10	10
D71614	25	25	蝎蛇		25	10	10
D71614	25	25	黑色恶蛆	25	10	10
D71614	25	25	角蝇		25	3	10
D71614	25	25	黑野猪0		25	2	120
D71614	25	25	红野猪3		25	1	30
D71614	25	25	黑野猪3		25	1	30
D71614	25	25	蝎蛇3		25	1	30

D71615	25	25	红野猪		25	10	10
D71615	25	25	黑野猪		25	10	10
D71615	25	25	楔蛾		25	10	10
D71615	25	25	蝎蛇		25	10	10
D71615	25	25	黑色恶蛆	25	10	10
D71615	25	25	角蝇		25	3	10
D71615	25	25	黑色恶蛆0	25	2	120
D71615	25	25	红野猪3		25	1	30
D71615	25	25	黑野猪3		25	1	30
D71615	25	25	蝎蛇3		25	1	30

D71616	25	25	红野猪		25	10	10
D71616	25	25	黑野猪		25	10	10
D71616	25	25	楔蛾		25	10	10
D71616	25	25	蝎蛇		25	10	10
D71616	25	25	黑色恶蛆	25	10	10
D71616	25	25	角蝇		25	3	10
D71616	25	25	蝎蛇0		25	2	120
D71616	25	25	红野猪3		25	1	30
D71616	25	25	黑野猪3		25	1	30
D71616	25	25	蝎蛇3		25	1	30

D71617	25	25	红野猪		25	10	20
D71617	25	25	黑野猪		25	10	20
D71617	25	25	楔蛾		25	10	20
D71617	25	25	蝎蛇		25	10	20
D71617	25	25	黑色恶蛆	25	10	20
D71617	25	25	角蝇		25	3	20
D71617	25	25	红野猪0		25	2	120
D71617	25	25	红野猪3		25	1	30
D71617	25	25	黑野猪3		25	1	30
D71617	25	25	蝎蛇3		25	1	30

D71618	25	25	红野猪		25	10	20
D71618	25	25	黑野猪		25	10	20
D71618	25	25	楔蛾		25	10	20
D71618	25	25	蝎蛇		25	10	20
D71618	25	25	黑色恶蛆	25	10	20
D71618	25	25	角蝇		25	3	20
D71618	25	25	黑野猪0		25	2	120
D71618	25	25	红野猪3		25	1	30
D71618	25	25	黑野猪3		25	1	30
D71618	25	25	蝎蛇3		25	1	30

D71619	25	25	红野猪		25	10	10
D71619	25	25	黑野猪		25	10	10
D71619	25	25	楔蛾		25	10	10
D71619	25	25	蝎蛇		25	10	10
D71619	25	25	黑色恶蛆	25	10	10
D71619	25	25	角蝇		25	3	10
D71619	25	25	黑色恶蛆0	25	2	120
D71619	25	25	红野猪3		25	1	30
D71619	25	25	黑野猪3		25	1	30
D71619	25	25	蝎蛇3		25	1	30

D71620	25	25	红野猪		25	10	10
D71620	25	25	黑野猪		25	10	10
D71620	25	25	楔蛾		25	10	10
D71620	25	25	蝎蛇		25	10	10
D71620	25	25	黑色恶蛆	25	10	10
D71620	25	25	角蝇		25	3	10
D71620	25	25	蝎蛇0		25	2	120
D71620	25	25	红野猪3		25	1	30
D71620	25	25	黑野猪3		25	1	30
D71620	25	25	蝎蛇3		25	1	30

D71621	25	25	红野猪		25	7	20
D71621	25	25	黑野猪		25	7	20
D71621	25	25	楔蛾		25	10	20
D71621	25	25	蝎蛇		25	7	20
D71621	25	25	黑色恶蛆	25	10	20
D71621	25	25	角蝇		25	3	20
D71621	25	25	红野猪0		25	2	120
D71621	25	25	红野猪3		25	1	30
D71621	25	25	黑野猪3		25	1	30
D71621	25	25	蝎蛇3		25	1	30

D71622	25	25	红野猪		25	10	20
D71622	25	25	黑野猪		25	10	20
D71622	25	25	楔蛾		25	10	20
D71622	25	25	蝎蛇		25	10	20
D71622	25	25	黑色恶蛆	25	10	20
D71622	25	25	角蝇		25	3	20
D71622	25	25	黑野猪0		25	2	120
D71622	25	25	红野猪3		25	1	30
D71622	25	25	黑野猪3		25	1	30
D71622	25	25	蝎蛇3		25	1	30

D71623	25	25	红野猪		25	10	20
D71623	25	25	黑野猪		25	10	20
D71623	25	25	楔蛾		25	10	20
D71623	25	25	蝎蛇		25	10	20
D71623	25	25	黑色恶蛆	25	10	20
D71623	25	25	角蝇		25	3	20
D71623	25	25	黑色恶蛆0	25	2	120
D71623	25	25	红野猪3		25	1	30
D71623	25	25	黑野猪3		25	1	30
D71623	25	25	蝎蛇3		25	1	30

D71624	25	25	红野猪		25	10	10
D71624	25	25	黑野猪		25	10	10
D71624	25	25	楔蛾		25	10	10
D71624	25	25	蝎蛇		25	10	10
D71624	25	25	黑色恶蛆	25	10	10
D71624	25	25	角蝇		25	3	10
D71624	25	25	蝎蛇0		25	2	120
D71624	25	25	红野猪3		25	1	30
D71624	25	25	黑野猪3		25	1	30
D71624	25	25	蝎蛇3		25	1	30

D71625	25	25	红野猪		25	10	10
D71625	25	25	黑野猪		25	10	10
D71625	25	25	楔蛾		25	10	10
D71625	25	25	蝎蛇		25	10	10
D71625	25	25	黑色恶蛆	25	10	10
D71625	25	25	角蝇		25	3	10
D71625	25	25	红野猪0		25	2	120
D71625	25	25	红野猪3		25	1	30
D71625	25	25	黑野猪3		25	1	30
D71625	25	25	蝎蛇3		25	1	30

D716	25	25	红野猪		25	5	20
D716	25	25	黑野猪		25	5	20
D716	25	25	楔蛾		25	8	20
D716	25	25	蝎蛇		25	5	20
D716	25	25	黑色恶蛆	25	8	20
D716	25	25	角蝇		25	2	20
D716	25	25	黑野猪0		25	2	120

D717	29	73	楔蛾		6	10	5
D717	29	73	黑色恶蛆	6	10	5
D717	100	100	楔蛾		100	70	10
D717	100	100	楔蛾		100	70	12
D717	100	100	楔蛾		100	70	15
D717	100	100	楔蛾		100	70	15
D717	100	100	黑色恶蛆	100	70	20
D717	100	100	白野猪0		100	14	60
D717	100	100	白野猪		100	2	120
D717	100	100	白野猪		100	2	240
D717	100	100	邪恶毒蛇	100	1	90
D717	100	100	角蝇		100	22	10
D717	100	100	邪恶毒蛇00	100	1	180
D717	83	25	石墓尸王	0	1 	120

;-----------------------[香石墓穴]------------------------
E701	50	50	僵尸1		50	15	12
E701	50	50	僵尸2		50	10	20
E701	50	50	僵尸3		50	30	32
E701	50	50	僵尸4		50	20	22
E701	50	50	僵尸5		50	10	12
E701	50	50	僵尸10		50	2	40
E701	50	50	僵尸30		50	2	40
E701	50	50	僵尸50		50	2	40

E702	50	50	僵尸1		50	15	20
E702	50	50	僵尸2		50	15	20
E702	50	50	僵尸3		50	15	20
E702	50	50	僵尸4		50	15	20
E702	50	50	僵尸5		50	15	20
E702	50	50	楔蛾 		50	15	20
E702	50	50	红野猪		50	15	10
E702	50	50	黑野猪 		50	15	10
E702	50	50	黑色恶蛆 	50	15	10
E702	50	50	角蝇		50	2	10
E702	50	50	蝎蛇		50	10	10
E702	50	50	僵尸10		50	2	30
E702	50	50	僵尸40		50	2	30
E702	50	50	僵尸50		50	2	30
E702	50	50	黑野猪0 	50	2	30
E702	50	50	蝎蛇0		50	2	30

E703	50	50	楔蛾 		50	15	11
E703	50	50	红野猪		50	15	11
E703	50	50	黑野猪		50	15	11
E703	50	50	黑色恶蛆	50	15	11
E703	50	50	角蝇		50	2	11
E703	50	50	蝎蛇		50	15	11
E703	50	50	红野猪0		50	2	30
E703	50	50	蝎蛇0		50	2	30

;-----------------------[自然洞穴]------------------------
E001	50	50	洞蛆		50	12	23
E001	50	50	骷髅战士	50	20	24
E001	50	50	掷斧骷髅	50	12	25
E001	50	50	骷髅战将	50	20	26
E001	50	50	骷髅		50	16	24
E001	50	50	山洞蝙蝠	50	12	23
E001	50	50	骷髅战士0	50	2	60
E001	50	50	骷髅战将0	50	2	60

E002	50	50	洞蛆		50	12	23
E002	50	50	骷髅战士	50	20	25
E002	50	50	掷斧骷髅	50	12	27
E002	50	50	骷髅战将	50	20	26
E002	50	50	骷髅		50	16	24
E002	50	50	山洞蝙蝠	50	12	23
E002	50	50	骷髅战士0	50	2	60
E002	50	50	骷髅战将0	50	2	60

E401	50	50	洞蛆		50	12	23
E401	50	50	骷髅战士	50	20	25
E401	50	50	掷斧骷髅	50	12	24
E401	50	50	骷髅战将	50	20	26
E401	50	50	骷髅		50	16	27
E401	50	50	山洞蝙蝠	50	12	23
E401	50	50	骷髅战士0	50	2	30
E401	50	50	骷髅战将0	50	2	30

E402	50	50	洞蛆		50	8	23
E402	50	50	骷髅战士	50	12	23
E402	50	50	掷斧骷髅	50	8	24
E402	50	50	骷髅战将	50	12	25
E402	50	50	骷髅		50	12	26
E402	50	50	山洞蝙蝠	50	8	23
E402	50	50	僵尸1		50	10	23
E402	50	50	僵尸2		50	8	27
E402	50	50	僵尸3		50	8	28
E402	50	50	僵尸4		50	8	29
E402	50	50	僵尸5		50	8	23
E402	50	50	骷髅战将0	50	2	30
E402	50	50	僵尸10		50	2	30

E403	50	50	洞蛆		50	4	23
E403	50	50	骷髅战士	50	10	23
E403	50	50	掷斧骷髅	50	4	23
E403	50	50	骷髅战将	50	10	23
E403	50	50	骷髅		50	6	23
E403	50	50	山洞蝙蝠	50	4	23
E403	50	50	僵尸1		50	15	23
E403	50	50	僵尸2		50	10	23
E403	50	50	僵尸3		50	10	23
E403	50	50	僵尸4		50	10	23
E403	50	50	僵尸5		50	10	23
E403	50	50	骷髅战将0	50	2	30
E403	50	50	僵尸10		50	2	30

E404	50	50	僵尸1		50	20	23
E404	50	50	僵尸2		50	15	23
E404	50	50	僵尸3		50	15	23
E404	50	50	僵尸4		50	15	23
E404	50	50	僵尸5		50	15	23
E404	50	50	僵尸20		50	2	30
E404	50	50	僵尸10		50	2	30

;-----------------------[连接通道]------------------------
E601	75	75	僵尸1		75	50 	23
E601	75	75	僵尸2		75	40	24
E601	75	75	僵尸3		75	40	25
E601	75	75	僵尸4		75	40	26
E601	75	75	僵尸5		75	40	23
E601	75	75	僵尸10		75	2	30
E601	75	75	僵尸20		75	2	30
E601	75	75	僵尸30		75	2	30
E601	75	75	僵尸20		75	2	30
E601	75	75	僵尸50		75	2	30

E602	75	75	僵尸1		75	40 	23
E602	75	75	僵尸2		75	35 	24
E602	75	75	僵尸3		75	35 	25
E602	75	75	僵尸4		75	35 	26
E602	75	75	僵尸5		75	35 	27
E602	75	75	蜈蚣		75	35 	23
E602	75	75	黑色恶蛆 	75	35 	24
E602	75	75	跳跳蜂 		75	35 	25
E602	75	75	钳虫		75	35 	23
E602	75	75	僵尸10		75	2	30
E602	75	75	僵尸20		75	2	30
E602	75	75	蜈蚣0		75	2	30
E602	75	75	跳跳蜂0 	75	2	30
E602	75	75	钳虫0		75	2	30

E603	100	100	僵尸1		100	40 	23
E603	100	100	僵尸2		100	30 	24
E603	100	100	僵尸3		100	30 	25
E603	100	100	僵尸4		100	30 	26
E603	100	100	僵尸5		100	30 	27
E603	100	100	蜈蚣		100	30 	23
E603	100	100	黑色恶蛆 	100	40 	24
E603	100	100	跳跳蜂 		100	40 	23
E603	100	100	钳虫		100	40 	23
E603	100	100	僵尸10		100	2	30
E603	100	100	僵尸20		100	2	30
E603	100	100	蜈蚣0		100	2	30
E603	100	100	跳跳蜂0 	100	2	30
E603	100	100	黑色恶蛆0	100	2	60
E603	100	100	钳虫0		100	2	30

E604	75	75	僵尸1		75	30 	23
E604	75	75	僵尸2		75	20	23
E604	75	75	僵尸3		75	20	24
E604	75	75	僵尸4		75	20	25
E604	75	75	僵尸5		75	20	26
E604	75	75	蜈蚣		75	40 	23
E604	75	75	黑色恶蛆 	75	40 	27
E604	75	75	跳跳蜂 		75	40 	28
E604	75	75	钳虫		75	40 	23
E604	75	75	僵尸10		75	2	30
E604	75	75	僵尸20		75	2	30
E604	75	75	蜈蚣0		75	2	30
E604	75	75	跳跳蜂0 	75	2	30
E604	75	75	钳虫0		75	2	30

E605	50	50	蜈蚣		50	40 	23
E605	50	50	黑色恶蛆 	50	40 	23
E605	50	50	跳跳蜂 		50	40 	24
E605	50	50	钳虫		50	40 	23
E605	50	50	蜈蚣0		50	2	30
E605	50	50	跳跳蜂0 	50	2	30
E605	50	50	黑色恶蛆0 	50	2	30
E605	50	50	钳虫0		50	2	30

;-----------------------[未知暗殿]------------------------
M001	200	200	鹿1		200	3	50
M001	200	200	鹿		200	2	30
M001	200	200	稻草人1		200	6	50
M001	200	200	稻草人 		200	2	30
M001	200	200	巨型多角虫1 	200	25	50
M001	200	200	巨型多角虫	200	2	30
M001	200	200	半兽勇士1	200	12	50
M001	200	200	半兽勇士 	200	1	30
M001	200	200	骷髅精灵1	200	24	50
M001	200	200	骷髅精灵 	200	1	120
M001	200	200	尸王1		200	24	50
M001	200	200	尸王 		200	2	120
M001	200	200	沃玛卫士1	200	50	50
M001	200	200	沃玛卫士 	200	2	120
M001	200	200	邪恶钳虫1 	200	50	50
M001	200	200	邪恶钳虫	200	2	120
M001	200	200	白野猪1		200	50	50
M001	200	200	白野猪 		200	2	120
M001	200	200	邪恶毒蛇1	200	50	50
M001	200	200	邪恶毒蛇 	200	2	120
M001	200	200	沃玛教主1	200	50	50
M001	200	200	沃玛教主 	200	1	180

;-----------------------[尸王殿]--------------------------
Q004	15	15	尸王2		5	35	40
Q004	15	15	尸王		5	3	42

;-----------------------[丛林迷宫]------------------------
D10011	262	342	月魔蜘蛛	150	20	110
D10011	262	342	天狼蜘蛛	150	10	28
D10011	262	342	钢牙蜘蛛	150	10	31
D10011	262	342	花吻蜘蛛	150	10	22
D10011	262	342	暴牙蜘蛛	150	10	136

D10011	165	323	月魔蜘蛛	100	20	110
D10011	165	323	天狼蜘蛛	100	10	38
D10011	165	323	钢牙蜘蛛	100	5	31
D10011	165	323	花吻蜘蛛	100	5	32
D10011	165	323	暴牙蜘蛛	100	10	33

D10011	135	69	月魔蜘蛛	100	25	30
D10011	135	69	天狼蜘蛛	100	10	38
D10011	135	69	钢牙蜘蛛	100	5	34
D10011	135	16	花吻蜘蛛	100	5	35
D10011	135	69	暴牙蜘蛛	100	10	30

D10011	40	151	月魔蜘蛛	200	40	10
D10011	40	151	天狼蜘蛛	200	20	8
D10011	40	151	钢牙蜘蛛	200	10	11
D10011	40	151	花吻蜘蛛	200	10	12
D10011	40	151	暴牙蜘蛛	200	10	10

D10011	223	106	月魔蜘蛛	150	25	10
D10011	223	106	天狼蜘蛛	150	15	8
D10011	223	106	钢牙蜘蛛	150	10	12
D10011	223	106	花吻蜘蛛	150	10	14
D10011	223	106	暴牙蜘蛛	150	15	15

D10011	223	106	天狼蜘蛛0	200	5	10
D10011	223	106	钢牙蜘蛛0	200	5	15
D10011	223	106	花吻蜘蛛0	200	5	14
D10011	223	106	月魔蜘蛛0	200	5	16
D10011	223	106	暴牙蜘蛛0	200	5	10

D10012	134	172	月魔蜘蛛	200	40	38
D10012	134	172	天狼蜘蛛	200	25	28
D10012	134	172	钢牙蜘蛛	200	10	39
D10012	134	172	花吻蜘蛛	200	10	30
D10012	134	172	暴牙蜘蛛	200	10	21

D10012	74	236	月魔蜘蛛	100	25	20
D10012	74	236	天狼蜘蛛	100	15	38
D10012	74	236	钢牙蜘蛛	100	10	21
D10012	74	236	花吻蜘蛛	100	10	12
D10012	74	236	暴牙蜘蛛	100	15	15

D10012	206	89	月魔蜘蛛	100	30	14
D10012	206	89	天狼蜘蛛	100	20	8
D10012	206	89	钢牙蜘蛛	100	10	17
D10012	206	89	花吻蜘蛛	100	10	15
D10012	206	89	暴牙蜘蛛	100	20	10

D10012	134	172	天狼蜘蛛0	200	5	10
D10012	134	172	钢牙蜘蛛0	200	5	12
D10012	134	172	花吻蜘蛛0	200	5	13
D10012	134	172	月魔蜘蛛0	200	5	15
D10012	134	172	暴牙蜘蛛0	200	5	10

D10013	140	175	月魔蜘蛛	200	40	10
D10013	140	175	天狼蜘蛛	200	30	8
D10013	140	175	钢牙蜘蛛	200	30	12
D10013	140	175	花吻蜘蛛	200	30	14
D10013	140	175	暴牙蜘蛛	200	30	15

D10013	134	146	月魔蜘蛛	100	25	10
D10013	134	146	天狼蜘蛛	100	15	8
D10013	134	146	钢牙蜘蛛	100	10	12
D10013	134	146	花吻蜘蛛	100	10	14
D10013	134	146	暴牙蜘蛛	100	15	10

D10013	213	215	月魔蜘蛛	100	30	30
D10013	213	215	天狼蜘蛛	100	20	28
D10013	213	215	钢牙蜘蛛	100	10	35
D10013	213	215	花吻蜘蛛	100	10	22
D10013	213	215	暴牙蜘蛛	100	20	20

D10013	140	175	天狼蜘蛛0	200	5	30
D10013	140	175	钢牙蜘蛛0	200	5	25
D10013	140	175	花吻蜘蛛0	200	5	24
D10013	140	175	月魔蜘蛛0	200	5	35
D10013	140	175	暴牙蜘蛛0	200	5	38

D1002	161	161	月魔蜘蛛	200	40	110
D1002	161	161	天狼蜘蛛	200	30	18
D1002	161	161	钢牙蜘蛛	200	30	27
D1002	161	161	花吻蜘蛛	200	30	26
D1002	161	161	黑锷蜘蛛	200	30	22
D1002	161	161	暴牙蜘蛛	200	30	20

D1002	125	165	月魔蜘蛛	150	30	10
D1002	125	165	天狼蜘蛛	150	25	8
D1002	125	165	钢牙蜘蛛	150	10	10
D1002	125	165	花吻蜘蛛	150	20	10
D1002	125	165	黑锷蜘蛛	150	5	12
D1002	125	165	暴牙蜘蛛	150	25	10

D1002	241	100	月魔蜘蛛	150	20	10
D1002	241	100	天狼蜘蛛	150	25	8
D1002	241	100	钢牙蜘蛛	150	10	14
D1002	241	100	花吻蜘蛛	150	20	10
D1002	241	100	黑锷蜘蛛	150	5	12
D1002	241	100	暴牙蜘蛛	150	25	10

D1002	133	58	月魔蜘蛛	150	20	15
D1002	133	58	天狼蜘蛛	150	25	8
D1002	133	58	钢牙蜘蛛	150	10	10
D1002	133	58	花吻蜘蛛	150	20	17
D1002	133	58	黑锷蜘蛛	150	5	12
D1002	133	58	暴牙蜘蛛	150	25	10

D1002	166	227	月魔蜘蛛	150	20	10
D1002	166	227	天狼蜘蛛	150	25	8
D1002	166	227	钢牙蜘蛛	150	10	10
D1002	166	227	花吻蜘蛛	150	20	10
D1002	166	227	黑锷蜘蛛	150	5	12
D1002	166	227	暴牙蜘蛛	150	25	10

D1002	161	161	天狼蜘蛛0	200	5	12
D1002	161	161	钢牙蜘蛛0	200	5	18
D1002	161	161	花吻蜘蛛0	200	5	17
D1002	161	161	黑锷蜘蛛0	200	5	22
D1002	161	161	月魔蜘蛛0	200	5	25
D1002	161	161	暴牙蜘蛛0	200	5	17
D1002	161	161	幻影蜘蛛	200	2	30

D10031	128	91	月魔蜘蛛	200	40	40
D10031	128	91	天狼蜘蛛	200	20	28
D10031	128	91	钢牙蜘蛛	200	20	25
D10031	128	91	花吻蜘蛛	200	20	24
D10031	128	91	黑锷蜘蛛	200	20	22
D10031	128	91	暴牙蜘蛛	200	20	20

D10031	242	152	月魔蜘蛛	150	20	25
D10031	242	152	天狼蜘蛛	150	20	28
D10031	242	152	钢牙蜘蛛	150	20	20
D10031	242	152	花吻蜘蛛	150	20	27
D10031	242	152	黑锷蜘蛛	150	5	22
D10031	242	152	暴牙蜘蛛	150	20	20

D10031	66	208	月魔蜘蛛	150	30	10
D10031	66	208	天狼蜘蛛	150	20	18
D10031	66	208	钢牙蜘蛛	150	10	10
D10031	66	208	花吻蜘蛛	150	10	10
D10031	66	208	黑锷蜘蛛	150	5	12
D10031	66	208	暴牙蜘蛛	150	20	10

D10031	128	91	天狼蜘蛛0	200	5	17
D10031	128	91	钢牙蜘蛛0	200	5	18
D10031	128	91	花吻蜘蛛0	200	5	19
D10031	128	91	黑锷蜘蛛0	200	5	15
D10031	128	91	月魔蜘蛛0	200	5	20
D10031	128	91	暴牙蜘蛛0	200	5	15
D10031	128	91	幻影蜘蛛	200	2	30

D10032	155	93	月魔蜘蛛	200	40	25
D10032	155	93	天狼蜘蛛	200	20	28
D10032	155	93	钢牙蜘蛛	200	20	24
D10032	155	93	花吻蜘蛛	200	20	26
D10032	155	93	黑锷蜘蛛	200	10	22
D10032	155	93	暴牙蜘蛛	200	20	20

D10032	227	208	月魔蜘蛛	150	10	42
D10032	227	208	天狼蜘蛛	150	10	28
D10032	227	208	钢牙蜘蛛	150	10	15
D10032	227	208	花吻蜘蛛	150	10	14
D10032	227	208	黑锷蜘蛛	150	5	12
D10032	227	208	暴牙蜘蛛	150	10	10

D10032	107	228	月魔蜘蛛	150	10	15
D10032	107	228	天狼蜘蛛	150	10	8
D10032	107	228	钢牙蜘蛛	150	10	17
D10032	107	228	花吻蜘蛛	150	10	16
D10032	107	228	黑锷蜘蛛	150	5	12
D10032	107	228	暴牙蜘蛛	150	10	10

D10032	155	93	天狼蜘蛛0	200	5	10
D10032	155	93	钢牙蜘蛛0	200	5	13
D10032	155	93	花吻蜘蛛0	200	5	14
D10032	155	93	黑锷蜘蛛0	200	5	15
D10032	155	93	月魔蜘蛛0	200	5	15
D10032	155	93	暴牙蜘蛛0	200	5	10
D10032	155	93	幻影蜘蛛	200	2	30

D1004	156	159	月魔蜘蛛	200	40	20
D1004	156	159	天狼蜘蛛	200	10	28
D1004	156	159	钢牙蜘蛛	200	10	25
D1004	156	159	花吻蜘蛛	200	10	24
D1004	156	159	黑锷蜘蛛	200	10	22
D1004	156	159	暴牙蜘蛛	200	10	20
D1004	156	159	血巨人		200	40	22
D1004	156	159	血僵尸		200	20	22

D1004	74	172	月魔蜘蛛	150	10	35
D1004	74	172	天狼蜘蛛	150	10	38
D1004	74	172	钢牙蜘蛛	150	10	31
D1004	74	172	花吻蜘蛛	150	10	37
D1004	74	172	暴牙蜘蛛	150	10	38
D1004	74	172	黑锷蜘蛛	150	10	32
D1004	74	172	血巨人		150	5	32

D1004	240	100	月魔蜘蛛	150	10	20
D1004	240	100	天狼蜘蛛	150	10	28
D1004	240	100	钢牙蜘蛛	150	10	29
D1004	240	100	暴牙蜘蛛	150	10	20
D1004	240	100	花吻蜘蛛	150	10	20
D1004	240	100	黑锷蜘蛛	150	10	22
D1004	240	100	血巨人		150	5	27
D1004	240	100	血僵尸		150	5	22

D1004	156	159	月魔蜘蛛0	200	5	20
D1004	156	159	天狼蜘蛛0	200	5	25
D1004	156	159	钢牙蜘蛛0	200	5	27
D1004	156	159	暴牙蜘蛛0	200	5	19
D1004	156	159	花吻蜘蛛0	200	5	10
D1004	156	159	黑锷蜘蛛0	200	5	15
D1004	156	159	血巨人0		200	5	15
D1004	156	159	血僵尸0		200	5	15
D1004	156	159	幻影蜘蛛	200	4	30
D1004	156	159	血僵尸3		200	2	60

D10051	110	100	月魔蜘蛛	200	100	9
D10051	110	100	天狼蜘蛛	200	80	14
D10051	110	100	钢牙蜘蛛	200	80	14
D10051	110	100	暴牙蜘蛛	200	80	10
D10051	110	100	花吻蜘蛛	200	80	9
D10051	110	100	黑锷蜘蛛	200	60	12
D10051	110	100	血巨人		200	40	14
D10051	110	100	血僵尸		200	40	10

D10051	110	100	月魔蜘蛛0	120	5	10
D10051	110	100	天狼蜘蛛0	120	5	12
D10051	110	100	钢牙蜘蛛0	120	5	14
D10051	110	100	暴牙蜘蛛0	120	5	15
D10051	110	100	花吻蜘蛛0	120	5	17
D10051	110	100	黑锷蜘蛛0	120	5	15
D10051	110	100	血巨人0		120	5	15
D10051	110	100	血僵尸0		120	5	15
D10051	110	100	幻影蜘蛛	120	2	30
D10051	110	100	血僵尸3		120	3	60

D10052	110	100	月魔蜘蛛	200	70	9
D10052	110	100	天狼蜘蛛	200	30	8
D10052	110	100	钢牙蜘蛛	200	50	9
D10052	110	100	暴牙蜘蛛	200	50	11
D10052	110	100	花吻蜘蛛	200	120	12
D10052	110	100	黑锷蜘蛛	200	80	10
D10052	110	100	血僵尸		120	40	14
D10052	110	100	血巨人		120	40	15

D10052	110	100	月魔蜘蛛0	120	5	20
D10052	110	100	天狼蜘蛛0	120	5	25
D10052	110	100	钢牙蜘蛛0	120	5	16
D10052	110	100	暴牙蜘蛛0	120	5	10
D10052	110	100	花吻蜘蛛0	120	5	10
D10052	110	100	黑锷蜘蛛0	120	5	15
D10052	110	100	血巨人0		120	5	15
D10052	110	100	血僵尸0		120	5	15
D10052	110	100	幻影蜘蛛	120	2	30
D10052	17	19	血僵尸3		120	3	60

D10061	15	18	月魔蜘蛛	12	10	6
D10061	13	18	月魔蜘蛛	12	8	5
D10061	13	18	月魔蜘蛛	12	8	5
D10061	13	18	钢牙蜘蛛	12	16	5
D10061	13	18	暴牙蜘蛛	12	20	5
D10061	15	21	黑锷蜘蛛	12	20	6
D10061	16	19	血巨人		12	10	6
D10061	16	19	血僵尸		12	5	5
D10061	15	18	双头血魔	12	1	360
D10061	15	18	双头金刚	12	1	360

D10061	15	18	月魔蜘蛛0	12	3	30
D10061	15	18	血巨人0		12	3	60
D10061	15	18	血僵尸0		12	3	60
D10061	15	18	黑锷蜘蛛0	12	3	60
D10061	15	18	暴牙蜘蛛0	12	6	60
D10061	15	18	血僵尸3		12	2	120

D10062	21	13	暴牙蜘蛛	2	4	7
D10062	23	18	赤月恶魔	0	1	360
D10062	17	19	月魔蜘蛛	14	17	7
D10062	17	19	月魔蜘蛛	14	17	6
D10062	15	19	花吻蜘蛛	14	11	5
D10062	15	19	钢牙蜘蛛	14	5	5
D10062	15	19	暴牙蜘蛛	14	5	5
D10062	17	17	黑锷蜘蛛	14	9	5
D10062	17	17	黑锷蜘蛛	14	7	6
D10062	16	18	血巨人		14	5	6
D10062	16	18	血僵尸		14	5	6

D10062	17	19	月魔蜘蛛0	14	4	30
D10062	17	19	花吻蜘蛛0	14	2	60
D10062	17	19	钢牙蜘蛛0	14	2	60
D10062	17	19	暴牙蜘蛛0	14	5	60
D10062	17	19	黑锷蜘蛛0	14	4	60
D10062	17	19	血巨人0		14	2	60
D10062	17	19	血僵尸0		14	2	60
D10062	17	19	血僵尸3		14	2	120

;-----------------------[不归路]--------------------------
T1341	15	25	暴牙蜘蛛	10	5	10
T1341	15	25	天狼蜘蛛	10	5	10
T1341	25	15	暴牙蜘蛛	10	5	10
T1341	25	15	天狼蜘蛛	10	5	10
T1341	15	25	天狼蜘蛛0	10	2	30
T1341	25	15	暴牙蜘蛛0	10	2	30

T1342	15	25	暴牙蜘蛛	10	5	10
T1342	15	25	天狼蜘蛛	10	5	10
T1342	25	15	暴牙蜘蛛	10	5	10
T1342	25	15	天狼蜘蛛	10	5	10
T1342	15	25	天狼蜘蛛0	10	2	30
T1342	25	15	暴牙蜘蛛0	10	2	30

T1343	15	25	暴牙蜘蛛	10	5	10
T1343	15	25	天狼蜘蛛	10	5	10
T1343	25	15	暴牙蜘蛛	10	5	10
T1343	25	15	天狼蜘蛛	10	5	10
T1343	15	25	天狼蜘蛛0	10	2	30
T1343	25	15	暴牙蜘蛛0	10	2	30

;-----------------------[虎卫堂]--------------------------
1002	14	13	虎卫		0	1	60

;-----------------------[桃源之门]------------------------
R001	75	114	神兽		150	50	20
R001	75	114	神兽2		150	50	20
R001	75	114	神兽0		150	30	120
R001	75	114	蜜蜂		150	80	20
R001	75	114	变异骷髅0	150	70	30

;-----------------------[封魔谷]-------------------------
4	322	334	半兽战士	90	10	5
4	322	334	半兽勇士9	90	20	17
4	322	334	半兽勇士1	90	10	19


4	348	190	半兽战士	90	10	5
4	348	190	半兽勇士9	90	20	17
4	348	190	半兽勇士1	90	10	11
4	348	190	骷髅		90	10	5
4	348	190	骷髅战士	90	10	7
4	348	190	骷髅战将	90	10	8
4	348	190	掷斧骷髅	90	10	9

4	107	138	半兽战士	90	10	7
4	107	138	半兽勇士9	90	10	12
4	107	138	半兽勇士1	90	10	15
4	107	138	骷髅		90	10	5
4	107	138	骷髅战士	90	10	7
4	107	138	骷髅战将	90	10	8
4	107	138	掷斧骷髅	90	10	5

4	126	311	半兽战士	90	40	5
4	126	311	半兽勇士9	90	20	19
4	126	311	半兽勇士1	90	10	18




4	274	259	僵尸2		15	4	19



4	443	192	半兽勇士9	20	5	17


4	73	85	半兽勇士9	20	10	17
4	73	85	半兽勇士1	20	5	27


4	322	334	半兽战士0	80	4	15
4	348	190	半兽勇士	80	6	60
4	107	138	僵尸20		80	4	15
4	126	311	骷髅战士0	80	4	25
4	322	334	骷髅战将0	65	4	18
4	348	190	掷斧骷髅0	65	4	17
4	107	138	骷髅0		65	4	19
4	443	192	骷髅战士0	20	2	15
4	73	85	僵尸10		20	2	15
4	107	138	骷髅精灵	80	2	60


B341	21	25	沃玛卫士	20	2	60

;-----------------------[封魔矿区]------------------------
D2000	100	100	僵尸2   	100	20	30
D2000	100	100	僵尸3   	100	25	20
D2000	100	100	洞蛆    	100	15	10
D2000	100	100	僵尸20  	100	3	10
D2000	100	100	僵尸30  	100	3	10

D2001	238	120	僵尸1   	200	10	15
D2001	238	120	僵尸2   	200	20	15
D2001	238	120	僵尸3   	200	10	15
D2001	238	120	僵尸4   	200	10	15
D2001	238	120	僵尸5   	200	10	25

D2001	136	78	僵尸1   	100	10	27
D2001	136	78	僵尸2   	100	20	27
D2001	136	78	僵尸3   	100	10	27
D2001	136	78	僵尸4   	100	10	27
D2001	136	78	僵尸5   	100	10	27

D2001	136	78	僵尸1   	100	10	26
D2001	136	78	僵尸2   	100	20	16
D2001	136	78	僵尸3   	100	10	16
D2001	136	78	僵尸4   	100	10	16
D2001	136	78	僵尸5   	100	10	16

D2001	50	98	僵尸1   	40	10	15
D2001	50	98	僵尸2   	40	10	15
D2001	50	98	僵尸3   	40	10	15
D2001	50	98	僵尸4    	40	10	15
D2001	50	98	僵尸5   	40	10	15

D2001	238	120	僵尸10  	200	2	15
D2001	238	120	僵尸20  	200	2	15
D2001	238	120	僵尸30  	100	2	15
D2001	136	78	僵尸40  	300	2	15
D2001	136	78	僵尸50  	300	2	15
D2001	29	99	尸王    	50	1	60

D2002	21	23	僵尸1   	10	5	15
D2002	21	23	僵尸2   	10	10	15
D2002	21	23	僵尸3    	10	10	15
D2002	21	23	僵尸4   	10	10	15
D2002	21	23	僵尸5   	10	10	15
D2002	21	23	尸王2   	10	2	60
D2002	33	15	尸王    	5	1	60

D2003	131	154	红野猪		150	100	5
D2003	131	154	黑野猪		150	100	5
D2003	131	154	黑色恶蛆	150	100	5
D2003	131	154	角蝇		150	6	6
D2003	96	128	红野猪0		180	1	20
D2003	96	128	黑野猪0		180	1	20
D2003	96	128	黑色恶蛆0	180	1	20

;-----------------------[疾风殿]--------------------------
D2004	31	38	红野猪  	100	32	10
D2004	31	38	黑野猪  	100	32	10
D2004	31	38	黑色恶蛆	100	50	10
D2004	31	38	角蝇    	100	3	10
D2004	31	38	红野猪3 	100	8	10
D2004	31	38	黑野猪3 	100	8	10
D2004	31	38	红野猪0 	100	2	20
D2004	31	38	黑野猪0         100	2	20
D2004	31	38	黑色恶蛆0	100	4	20

D2005	41	44	红野猪  	100	32	10
D2005	41	44	黑野猪  	100	32	10
D2005	41	44	黑色恶蛆	100	50	10
D2005	41	44	角蝇    	100	2	10
D2005	41	44	红野猪3 	100	5	10
D2005	41	44	黑野猪3 	100	5	10
D2005	41	44	红野猪0  	100	2	20
D2005	41	44	黑野猪0 	100	2	20
D2005	41	44	黑色恶蛆0	100	4	20

D2005	41	44	红野猪  	100	32	10
D2005	41	44	黑野猪  	100	32	10
D2005	41	44	黑色恶蛆	100	50	10
D2005	41	44	角蝇    	100	2	10
D2005	41	44	红野猪3 	100	5	10
D2005	41	44	黑野猪3 	100	5	10
D2005	41	44	红野猪0  	100	2	20
D2005	41	44	黑野猪0 	100	2	20
D2005	41	44	黑色恶蛆0	100	4	20

D2006   22    	28      红野猪     	7 	8       16
D2006   22    	28      黑野猪     	7	8       16
D2006   22    	28      黑色恶蛆   	7	5       16
D2006   22    	28      角蝇       	7	3       18
D2006   66    	71      红野猪     	10	7	10
D2006   66    	71      黑野猪     	10	7       10
D2006   66    	71      黑色恶蛆   	10	5       10
D2006   66    	71      角蝇       	10	2       10
D2006   66    	71      白野猪0    	10 	4       12
D2006   31    	38      红野猪     	100	16      10
D2006   31    	38      黑野猪     	100	16      10
D2006   31    	38      黑色恶蛆   	100	32      12
D2006   31    	38      白野猪0    	100	12      30
D2006   31    	38      角蝇       	100	3       10
D2006   31    	38      红野猪3    	100	10      10
D2006   31    	38      黑野猪3    	100	10      10

D2006   31    	38      红野猪0    	100      2      20
D2006   31    	38      黑野猪0    	100      2      20
D2006   31    	38      黑色恶蛆0  	100      4      20
D2006   31    	38      白野猪     	100      2      60

D2007	140	135	红野猪  	200	24	15
D2007	140	135	黑野猪  	200	24	15
D2007	140	135	白野猪0 	200	12	20
D2007	140	135	黑色恶蛆	200	45	10
D2007	140	135	角蝇    	200	3	20
D2007	140	135	红野猪3 	200	8	20
D2007	140	135	黑野猪3 	200	8	20
D2007	140	135	红野猪0 	200	2	20
D2007	140	135	黑野猪0 	200	2	20
D2007	140	135	黑色恶蛆0	200	4	20
D2007	140	135	白野猪		200	1	60
D2007  	140   	135    	虹魔猪卫   	200	1       90

D2008	41	74	红野猪		200	27	10
D2008	41	74	黑野猪		200	27	10
D2008	41	74	白野猪0		200	15	20
D2008	41	74	黑色恶蛆	200	50	10
D2008	41	74	角蝇		100	3	7
D2008	41	74	虹魔猪卫0	100	3	30
D2008	41	74	红野猪0		100	1	20
D2008	41	74	黑野猪0		100	1	20
D2008	41	74	白野猪		100	2	40 
D2008	41	74	黑色恶蛆0	100	2	20
D2008	41	74	虹魔猪卫	100	1	60

D2009	41	44	红野猪		100	20	7
D2009	41	44	黑野猪		100	20	7
D2009	41	44	白野猪0		100	20	7
D2009	41	44	黑色恶蛆	100	27	7
D2009	41	44	角蝇		100	2	17
D2009	41	44	蝎蛇		100	40	7
D2009	41	44	红野猪3		100	15	10
D2009	41	44	黑野猪3		100	15	10
D2009	41	44	红野猪0		100	1	20
D2009	41	44	黑野猪0		100	1	20
D2009	41	44	白野猪		100	1	40
D2009	41	44	黑色恶蛆0	100	2	20
D2009	41	44	蝎蛇0		100	2	20
D2009	41	44	邪恶毒蛇	100	1	60

D2010	155	231	红野猪		200	27	8
D2010	155	231	黑野猪		200	27	8
D2010	155	231	白野猪0		200	20	20 
D2010	155	231	黑色恶蛆	200	50	8
D2010	155	231	蝎蛇		200	27	8
D2010	155	231	角蝇		200	3	10
D2010	155	231	红野猪3		200	5	10
D2010	155	231	黑野猪3		200	5	10
D2010	155	231	红野猪0		200	2	20
D2010	155	231	黑野猪0		200	2	20
D2010	155	231	白野猪		200	2	40 
D2010	155	231	黑色恶蛆0	200	2	20
D2010	155	231	蝎蛇0		200	2	20
D2010	155	231	邪恶毒蛇	200	1	40
D2010	155	231	虹魔蝎卫	200	1	90
D2010	155	231	邪恶毒蛇00 	200	1	180

D2011	25	26	红野猪		10	10	8
D2011	25	26	黑野猪		10	10	8
D2011	25	26	角蝇		10	4	8
D2011	25	26	蝎蛇		10	10	8
D2011	25	26	楔蛾		10	10	8
D2011	32	31	红野猪		80	27	12
D2011	32	31	黑野猪		80	20	12
D2011	32	31	白野猪0		80	10	15
D2011	32	31	角蝇		80	4	10
D2011	32	31	蝎蛇		80	27	10
D2011	32	31	虹魔蝎卫0	80	3	25
D2011	32	31	红野猪3		80	10	15
D2011	32	31	黑野猪3		80	10	15
D2011	32	31	楔蛾		80	27	10
D2011	32	31	黑野猪0		80	2	20
D2011	32	31	白野猪		80	1	30
D2011	32	31	邪恶毒蛇	80	1	30
D2011	32	31	蝎蛇0		80	2	20
D2011	32	31	虹魔蝎卫	80	1	60

;-----------------------[炼狱回廊]------------------------
D2012	28	31	祖玛雕像	10	5	20
D2012	28	31	祖玛卫士	10	5	20
D2012	28	31	祖玛弓箭手	10	5	20
D2012	28	31	楔蛾		10	10	20
D2012	28	31	角蝇		10	6	20
D2012	28	31	祖玛卫士3	10	5	20
D2012	28	31	祖玛雕像3	10	5	20
D2012	28	31	祖玛弓箭手3 	10	5	20
D2012	28	31	红野猪		10	5	8
D2012	28	31	黑野猪		10	5	8
D2012	28	31	蝎蛇		10	5	10
D2012	48	47	楔蛾		70	25	10
D2012	48	47	角蝇		70	6	10
D2012	48	47	大老鼠		70	15	10
D2012	48	47	红野猪		70	15	10
D2012	48	47	黑野猪		70	15	10
D2012	48	47	白野猪0		70	10	20

D2012	48	47	蝎蛇		70	15	20
D2012	10	55	祖玛雕像	10	5	20
D2012	10	55	祖玛卫士	10	5	20
D2012	10	55	祖玛弓箭手	10	5	30
D2012	26	72	祖玛雕像	10	5	30
D2012	26	72	祖玛卫士	10	5	30
D2012	26	72	祖玛弓箭手	10	5	30
D2012	57	13	祖玛雕像	10	5	20
D2012	57	13	祖玛卫士	10	5	20
D2012	57	13	祖玛弓箭手	10	5	15
D2012	72	28	祖玛雕像	10	5	15
D2012	72	28	祖玛卫士	10	5	15
D2012	72	28	祖玛弓箭手	10	5	15

D2012	48	47	红野猪3		70	5	10
D2012	48	47	黑野猪3		70	5	10
D2012	48	47	祖玛雕像3	70	5	30
D2012	48	47	祖玛卫士3	70	5	30
D2012	48	47	祖玛弓箭手3 	70	5	20

D2012	28	31	祖玛雕像0	10	5	8
D2012	28	31	祖玛卫士0	10	5	8
D2012	28	31	祖玛弓箭手0 	10	5	8
D2012	48	47	祖玛雕像0	60	5	40
D2012	48	47	祖玛卫士0	60	5	40
D2012	48	47	祖玛弓箭手0 	60	5	40
D2012	48	47	楔蛾0		60	5	20
D2012	48	47	大老鼠0		60	5	20
D2012	48	47	红野猪0		70	5	10
D2012	48	47	黑野猪0		70	5	10
D2012	48	47	白野猪		70	2	30
D2012	48	47	蝎蛇0		70	5	15
D2012	48	47	邪恶毒蛇	70	1	60
D2012	48	47	白野猪2		70	2	60
D2012	48	47	邪恶毒蛇00	70	1	180

;-----------------------[封魔殿]--------------------------
D2013	76	77	祖玛雕像	10	10	15
D2013	76	77	祖玛卫士	10	15	15
D2013	76	77	祖玛弓箭手	10	10	15
D2013	76	77	祖玛雕像3	10	5	15
D2013	76	77	祖玛卫士3	10	5	15
D2013	76	77	祖玛弓箭手3 	10	5	15
D2013	76	77	楔蛾		10	10	10
D2013	76	77	角蝇		10	4	15
D2013	22	27	祖玛雕像	60	20	12
D2013	40	45	祖玛卫士	60	20	11
D2013	40	45	祖玛弓箭手	60	20	10
D2013	22	27	祖玛雕像3	60	30	10
D2013	40	45	祖玛卫士3	60	40	10
D2013	40	45	祖玛弓箭手3	60	30	10
D2013	40	45	虹魔猪卫	60	2	60
D2013	40	45	虹魔蝎卫	60	2	60
D2013	40	45	楔蛾		60	50	10
D2013	40	45	角蝇		60	10	12

D2013	40	45	祖玛雕像0	60	10	30
D2013	40	45	祖玛卫士0	60	10	30
D2013	40	45	祖玛弓箭手0 	60	10	30
D2013	40	45	楔蛾0		60	10	20
D2013	76	77	祖玛雕像0	60	5	30
D2013	76	77	祖玛卫士0	60	5	30
D2013	76	77	祖玛弓箭手0 	60	5	30
D2013	76	77	楔蛾0		60	5	20
D2013	25	29	虹魔教主	10	1	180

;-----------------------[秘密通道]------------------------
D10054	51	40	红野猪		60	20	25
D10054	51	40	黑野猪		60	20	25
D10054	51	40	白野猪0		60	10	25
D10054	51	40	黑色恶蛆	60	30	25
D10054	51	40	角蝇		60	3	25
D10054	51	40	虹魔猪卫	60	1	60
D10054	51	40	红野猪3		60	5	15
D10054	51	40	黑野猪3		60	5	15
D10054	51	40	红野猪0		60	1	25
D10054	51	40	黑野猪0		60	1	25
D10054	51	40	白野猪		60	1	40
D10054	51	40	黑色恶蛆0	60	2	25

D10053	41	40	红野猪		60	20	15
D10053	41	40	黑野猪		60	20	15
D10053	41	40	白野猪0		60	10	25 
D10053	41	40	黑色恶蛆	60	20	15
D10053	41	40	蝎蛇		60	20	15
D10053	41	40	角蝇		60	3	15
D10053	41	40	虹魔蝎卫	60	1	60
D10053	41	40	红野猪3		60	5	15
D10053	41	40	黑野猪3		60	5	15
D10053	41	40	红野猪0		60	1	25
D10053	41	40	黑野猪0		60	1	25
D10053	41	40	白野猪		60	1	40
D10053	41	40	黑色恶蛆0	60	2	25
D10053	41	40	蝎蛇0		60	1	25
D10053	41	40	邪恶毒蛇	60	1	40

;-----------------------[同心小径]-----------------------
M100  	150  	150    	角蝇        	50    	2    	15
M100  	150  	150    	蝎蛇        	50   	20    	15
M100	131	154	红野猪		150	20	28
M100	131	154	黑野猪		150	20	28
M100	131	154	黑色恶蛆	150	20	28
M100	131	154	白野猪0		150	3	60
M100	131	154	虹魔猪卫9	150	1	60

;-----------------------[六大重装]-------------------------
T232	22	24	暗之沃玛教主	5	1	360
T339	18	26	暗之骷髅精灵	5	1	360
T219	50	80	暗之双头金刚	5	1	360
T315	150	140	暗之黄泉教主	5	1	360
T118	13	16	暗之双头血魔	2	1	360
T218	14	17	暗之虹魔教主	5	1	360

;-----------------------[夺宝神殿]-------------------------

DB2 	50	50	双头金刚	50	1	360	
DB2 	50	50	双头血魔	50	1	360
DB2 	50	50	赤月恶魔	50	1	360
DB2 	50	50	东皇太一	50	1	360
DB2	50	50	暗之沃玛教主	50	1	360
DB2	50	50	暗之骷髅精灵	50	1	360
DB2	50	50	暗之双头金刚	50	1	360
DB2	50	50	暗之黄泉教主	50	1	360
DB2	50	50	暗之双头血魔	50	1	360
DB2	50	50	暗之虹魔教主	50	1	360
DB2	50	50	虹魔猪卫	50	1	60
DB2	50	50	虹魔教主	50	1	180
DB2	50	50	沃玛教主	50	1	180
DB2	50	50	虹魔蝎卫	50	1	180
DB2	50	50	祖玛教主	50	1	180

DB1	50	50	牛魔王	        5      	1	180
DB1	50	50	牛魔将军  	100     40	13
DB1	50	50	牛魔祭司	100     40	13
DB1	50	50	牛魔将军  	100     40	13
DB1	50	50	牛魔祭司	100     40	13
DB1	50	50	牛魔将军  	100     40	13
DB1	50	50	牛魔祭司	100     40	13
DB1	50	50	牛魔将军  	100     40	13
DB1	50	50	牛魔祭司	100     40	13
DB1	50	50	牛魔战士	100     40	13
DB1	50	50	牛魔战士	100     40	13
DB1	50	50	牛魔法师	100     40	13
DB1	50	50	牛魔法师	100     40	13
DB1	50	50	牛魔法师	100     40	13


