金币,4,0,1,1
基本剑术,4,0,1,0
攻杀剑术,4,0,1,1
刺杀剑术,4,0,1,1
半月弯刀,4,1,1,1
野蛮冲撞,4,1,1,1
烈火剑法,4,1,1,1
火球术,4,0,1,0
抗拒火环,4,0,1,0
诱惑之光,4,0,1,0
地狱火,4,0,1,0
雷电术,4,0,1,0
瞬息移动,4,0,1,0
大火球,4,0,1,0
爆裂火焰,4,0,1,1
火墙,4,0,1,1
疾光电影,4,0,1,1
地狱雷光,4,1,1,1
魔法盾,4,1,1,1
圣言术,4,1,1,1
冰咆哮,4,1,1,1
治愈术,4,1,1,1
精神力战法,4,0,1,0
施毒术,4,0,1,0
灵魂火符,4,0,1,0
召唤骷髅,4,0,1,0
隐身术,4,0,1,0
集体隐身术,4,0,1,1
幽灵盾,4,0,1,1
神圣战甲术,4,0,1,1
心灵启示,4,0,1,1
困魔咒,4,0,1,1
群体治疗术,4,1,1,1
召唤神兽,4,1,1,1
金创药(小量),3,0,1,0
魔法药(小量),3,0,1,0
金创药(中量),3,0,1,0
魔法药(中量),3,0,1,0
强效金创药,3,0,1,1
强效魔法药,3,0,1,1
金创药(小)包,3,0,1,0
魔法药(小)包,3,0,1,0
金创药(中)包,3,0,1,1
魔法药(中)包,3,0,1,1
超级金创药,3,0,1,1
超级魔法药,3,0,1,1
太阳水,3,0,1,1
强效太阳水,3,0,1,1
万年雪霜,3,1,1,1
疗伤药,3,1,1,1
护身符,2,0,1,0
护身符(大),2,0,1,0
灰色药粉(少量),2,0,1,0
黄色药粉(少量),2,0,1,0
灰色药粉(中量),2,0,1,0
黄色药粉(中量),2,0,1,0
灰色药粉(大量),2,0,1,1
黄色药粉(大量),2,0,1,1
食人树叶,4,0,1,1
食人树果实,4,0,1,1
毒蜘蛛牙齿,4,0,1,1
蝎子尾巴,4,0,1,1
蛆卵,4,0,1,1
随机传送卷,3,0,1,0
地牢逃脱卷,3,0,1,0
行会回城卷,3,0,1,1
回城卷,3,1,1,1
随机传送卷包,4,0,1,1
地牢逃脱卷包,4,0,1,1
行会回城卷包,4,0,1,1
回城卷包,4,1,1,1
肉,4,0,1,0
鸡肉,4,0,1,0
干肉,4,0,1,0
骰子,4,0,1,0
彩票,3,0,1,0
铜矿,4,0,1,0
铁矿,4,0,1,0
银矿,4,0,1,1
金矿,4,0,1,1
黑铁矿石,4,1,1,1
鹿血,4,0,1,0
鹿茸,3,0,1,1
神水,3,0,1,1
攻击力药水,3,1,1,1
魔法力药水,3,1,1,1
道术力药水,3,1,1,1
HP强化水,3,1,1,1
MP强化水,3,1,1,1
战神油,3,1,1,1
祝福油,3,1,1,1
沃玛号角,4,1,1,1
祖玛头像,4,1,1,1
寒铁戒指,2,0,1,1
介绍信,4,0,1,1
佛牌,4,0,1,1
命运之书,4,1,1,1
青铜头盔,0,0,1,0
魔法头盔,0,0,1,0
道士头盔,0,0,1,1
骷髅头盔,0,0,1,1
黑铁头盔,0,1,1,1
布衣(男),0,0,1,0
布衣(女),0,0,1,0
轻型盔甲(男),0,0,1,0
轻型盔甲(女),0,0,1,0
中型盔甲(男),0,0,1,0
中型盔甲(女),0,0,1,0
重盔甲(男),0,0,1,1
重盔甲(女),0,0,1,1
魔法长袍(男),0,0,1,1
魔法长袍(女),0,0,1,1
灵魂战衣(男),0,0,1,1
灵魂战衣(女),0,0,1,1
战神盔甲(男),0,1,1,1
战神盔甲(女),0,1,1,1
恶魔长袍(男),0,1,1,1
恶魔长袍(女),0,1,1,1
幽灵战衣(男),0,1,1,1
幽灵战衣(女),0,1,1,1
天魔神甲,0,1,1,1
圣战宝甲,0,1,1,1
法神披风,0,1,1,1
霓裳羽衣,0,1,1,1
天尊道袍,0,1,1,1
天师长袍,0,1,1,1
木剑,1,0,1,0
匕首,1,0,1,0
乌木剑,1,0,1,0
青铜剑,1,0,1,0
鹤嘴锄,1,0,1,0
短剑,1,0,1,0
铁剑,1,0,1,0
青铜斧,1,0,1,1
八荒,1,0,1,1
海魂,1,0,1,1
半月,1,0,1,1
凌风,1,0,1,1
破魂,1,0,1,1
斩马刀,1,0,1,1
偃月,1,0,1,1
降魔,1,0,1,1
修罗,1,0,1,1
凝霜,1,0,1,1
炼狱,1,1,1,1
银蛇,1,1,1,1
魔杖,1,1,1,1
井中月,1,1,1,1
血饮,1,1,1,1
无极棍,1,1,1,1
命运之刃,1,1,1,1
裁决之杖,1,1,1,1
骨玉权杖,1,1,1,1
龙纹剑,1,1,1,1
怒斩,1,1,1,1
龙牙,1,1,1,1
赤血,1,1,1,1
屠龙,1,1,1,1
嗜魂法杖,1,1,1,1
逍遥扇,1,1,1,1
金项链,2,0,1,0
传统项链,2,0,1,0
黑色水晶项链,2,0,1,0
黑檀项链,2,0,1,0
黄色水晶项链,2,0,1,0
白金项链,2,0,1,0
琥珀项链,2,0,1,0
魔鬼项链,2,0,1,0
凤凰明珠,2,0,1,1
蓝翡翠项链,2,0,1,1
放大镜,2,0,1,1
竹笛,2,0,1,1
灯笼项链,2,0,1,1
白色虎齿项链,2,0,1,1
躲避手链,2,0,1,1
幽灵项链,2,1,1,1
生命项链,2,1,1,1
天珠项链,2,1,1,1
绿色项链,2,1,1,1
恶魔铃铛,2,1,1,1
灵魂项链,2,1,1,1
铁手镯,2,0,1,0
小手镯,2,0,1,0
银手镯,2,0,1,0
皮制手套,2,0,1,0
钢手镯,2,0,1,0
大手镯,2,0,1,0
坚固手套,2,0,1,1
魔法手镯,2,0,1,1
黑檀手镯,2,0,1,1
道士手镯,2,0,1,1
魔力手镯,2,0,1,1
死神手套,2,0,1,1
金手镯,2,0,1,1
夏普儿手镯,2,0,1,1
避邪手镯,2,0,1,1
幽灵手套,2,1,1,1
思贝儿手镯,2,1,1,1
心灵手镯,2,1,1,1
阎罗手套,2,1,1,1
骑士手镯,2,1,1,1
龙之手镯,2,1,1,1
三眼手镯,2,1,1,1
古铜戒指,2,0,1,0
六角戒指,2,0,1,0
玻璃戒指,2,0,1,0
牛角戒指,2,0,1,0
蓝色水晶戒指,2,0,1,0
黑色水晶戒指,2,0,1,0
生铁戒指,2,0,1,0
蛇眼戒指,2,0,1,1
珍珠戒指,2,0,1,1
骷髅戒指,2,0,1,1
魅力戒指,2,0,1,1
道德戒指,2,0,1,1
珊瑚戒指,2,0,1,1
金戒指,2,0,1,1
降妖除魔戒指,2,0,1,1
龙之戒指,2,0,1,1
红宝石戒指,2,1,1,1
铂金戒指,2,1,1,1
力量戒指,2,1,1,1
紫碧螺,2,1,1,1
泰坦戒指,2,1,1,1
荣誉勋章11号,2,0,1,1
荣誉勋章12号,2,0,1,1
荣誉勋章13号,2,0,1,1
荣誉勋章14号,2,0,1,1
荣誉勋章15号,2,0,1,1
荣誉勋章21号,2,0,1,1
荣誉勋章22号,2,0,1,1
荣誉勋章23号,2,0,1,1
荣誉勋章24号,2,0,1,1
荣誉勋章25号,2,0,1,1
荣誉勋章31号,2,1,1,1
荣誉勋章32号,2,1,1,1
荣誉勋章33号,2,1,1,1
荣誉勋章34号,2,1,1,1
荣誉勋章35号,2,1,1,1
荣誉勋章41号,2,1,1,1
荣誉勋章42号,2,1,1,1
荣誉勋章43号,2,1,1,1
荣誉勋章44号,2,1,1,1
荣誉勋章45号,2,1,1,1
一树梨花压海棠,2,1,1,1
落红不是无情物,2,1,1,1
天生丽质难自弃,2,1,1,1
天下谁人不识君,2,1,1,1
圣战头盔,0,1,1,1
圣战项链,2,1,1,1
圣战手镯,2,1,1,1
圣战戒指,2,1,1,1
法神头盔,0,1,1,1
法神项链,2,1,1,1
法神手镯,2,1,1,1
法神戒指,2,1,1,1
天尊头盔,0,1,1,1
天尊项链,2,1,1,1
天尊手镯,2,1,1,1
天尊戒指,2,1,1,1
神秘戒指,2,0,1,1
神秘腰带,2,0,1,1
神秘头盔,0,0,1,1
魔血项链,2,1,1,1
魔血手镯,2,1,1,1
魔血戒指,2,1,1,1
虹魔项链,2,0,1,1
虹魔手镯,2,0,1,1
虹魔戒指,2,0,1,1
记忆头盔,0,1,1,1
记忆项链,2,1,1,1
记忆手镯,2,1,1,1
记忆戒指,2,1,1,1
祈祷之刃,2,1,1,1
祈祷头盔,0,1,1,1
祈祷项链,2,1,1,1
祈祷手镯,2,1,1,1
祈祷戒指,2,1,1,1
求婚戒指,2,1,1,1
修复神水,4,1,1,1
一心一意,4,0,1,1
心心相印,4,0,1,1
飞火流星,4,0,1,1
浪漫星雨,4,0,1,1
绮梦幻想,4,0,1,1
一心一意包,4,1,1,1
心心相印包,4,1,1,1
飞火流星包,4,1,1,1
浪漫星雨包,4,1,1,1
绮梦幻想包,4,1,1,1
庆典蛋糕,4,1,1,1
个性发型,4,1,1,1
反璞归真,4,1,1,1
盟重传送石,4,1,1,1
比奇传送石,4,1,1,1
随机传送石,4,1,1,1
金条,4,1,1,1
金砖,4,1,1,1
10元宝,4,1,1,1
50元宝,4,1,1,1
100元宝,4,1,1,1
500元宝,4,1,1,1
1000元宝,4,1,1,1
5000元宝,4,1,1,1
1千散金,4,0,1,1
5千散金,4,0,1,1
1万散金,4,1,1,1
5万散金,4,1,1,1
10万散金,4,1,1,1
50万散金,4,1,1,1
平安果,4,1,1,1
季卡,4,1,1,1
书页,4,1,1,1
1元现金,4,0,1,1
5元现金,4,0,1,1
10元现金,4,1,1,1
50元现金,4,1,1,1
劣质木材,4,0,1,1
优质木材,4,0,1,1
红木,4,1,1,1
梨花木,4,1,1,1
紫檀木,4,0,1,1